#F spectrum.dat

#S 1 Wiggler spectrum
#N 3
#L PhotonEnergy[eV]  Flux[phot/s/0.1%bw]  PowerDensity[W/eV]
 2.000000000000e+04   2.182507812991e+14   3.496762992687e-02  
 2.000004008016e+04   2.182502403203e+14   3.496754325252e-02  
 2.000008016032e+04   2.182496993428e+14   3.496745657836e-02  
 2.000012024048e+04   2.182491583664e+14   3.496736990439e-02  
 2.000016032064e+04   2.182486173912e+14   3.496728323062e-02  
 2.000020040080e+04   2.182480764173e+14   3.496719655703e-02  
 2.000024048096e+04   2.182475354446e+14   3.496710988365e-02  
 2.000028056112e+04   2.182469944730e+14   3.496702321045e-02  
 2.000032064128e+04   2.182464535026e+14   3.496693653745e-02  
 2.000036072144e+04   2.182459125335e+14   3.496684986463e-02  
 2.000040080160e+04   2.182453715655e+14   3.496676319201e-02  
 2.000044088176e+04   2.182448305988e+14   3.496667651958e-02  
 2.000048096192e+04   2.182442896332e+14   3.496658984735e-02  
 2.000052104208e+04   2.182437486689e+14   3.496650317531e-02  
 2.000056112224e+04   2.182432077058e+14   3.496641650346e-02  
 2.000060120240e+04   2.182426667438e+14   3.496632983180e-02  
 2.000064128257e+04   2.182421257831e+14   3.496624316034e-02  
 2.000068136273e+04   2.182415848236e+14   3.496615648907e-02  
 2.000072144289e+04   2.182410438652e+14   3.496606981799e-02  
 2.000076152305e+04   2.182405029081e+14   3.496598314711e-02  
 2.000080160321e+04   2.182399619522e+14   3.496589647641e-02  
 2.000084168337e+04   2.182394209974e+14   3.496580980590e-02  
 2.000088176353e+04   2.182388800439e+14   3.496572313560e-02  
 2.000092184369e+04   2.182383390916e+14   3.496563646548e-02  
 2.000096192385e+04   2.182377981405e+14   3.496554979556e-02  
 2.000100200401e+04   2.182372571906e+14   3.496546312582e-02  
 2.000104208417e+04   2.182367162419e+14   3.496537645629e-02  
 2.000108216433e+04   2.182361752944e+14   3.496528978694e-02  
 2.000112224449e+04   2.182356343480e+14   3.496520311779e-02  
 2.000116232465e+04   2.182350934029e+14   3.496511644883e-02  
 2.000120240481e+04   2.182345524590e+14   3.496502978006e-02  
 2.000124248497e+04   2.182340115163e+14   3.496494311149e-02  
 2.000128256513e+04   2.182334705748e+14   3.496485644310e-02  
 2.000132264529e+04   2.182329296345e+14   3.496476977491e-02  
 2.000136272545e+04   2.182323886954e+14   3.496468310692e-02  
 2.000140280561e+04   2.182318477575e+14   3.496459643911e-02  
 2.000144288577e+04   2.182313068208e+14   3.496450977149e-02  
 2.000148296593e+04   2.182307658853e+14   3.496442310408e-02  
 2.000152304609e+04   2.182302249511e+14   3.496433643685e-02  
 2.000156312625e+04   2.182296840179e+14   3.496424976981e-02  
 2.000160320641e+04   2.182291430861e+14   3.496416310297e-02  
 2.000164328657e+04   2.182286021554e+14   3.496407643632e-02  
 2.000168336673e+04   2.182280612259e+14   3.496398976987e-02  
 2.000172344689e+04   2.182275202976e+14   3.496390310360e-02  
 2.000176352705e+04   2.182269793705e+14   3.496381643753e-02  
 2.000180360721e+04   2.182264384447e+14   3.496372977165e-02  
 2.000184368737e+04   2.182258975200e+14   3.496364310596e-02  
 2.000188376754e+04   2.182253565965e+14   3.496355644047e-02  
 2.000192384770e+04   2.182248156742e+14   3.496346977517e-02  
 2.000196392786e+04   2.182242747531e+14   3.496338311005e-02  
 2.000200400802e+04   2.182237338333e+14   3.496329644514e-02  
 2.000204408818e+04   2.182231929146e+14   3.496320978041e-02  
 2.000208416834e+04   2.182226519971e+14   3.496312311588e-02  
 2.000212424850e+04   2.182221110809e+14   3.496303645154e-02  
 2.000216432866e+04   2.182215701658e+14   3.496294978739e-02  
 2.000220440882e+04   2.182210292519e+14   3.496286312344e-02  
 2.000224448898e+04   2.182204883393e+14   3.496277645968e-02  
 2.000228456914e+04   2.182199474279e+14   3.496268979611e-02  
 2.000232464930e+04   2.182194065176e+14   3.496260313274e-02  
 2.000236472946e+04   2.182188656086e+14   3.496251646955e-02  
 2.000240480962e+04   2.182183247007e+14   3.496242980656e-02  
 2.000244488978e+04   2.182177837941e+14   3.496234314376e-02  
 2.000248496994e+04   2.182172428886e+14   3.496225648116e-02  
 2.000252505010e+04   2.182167019844e+14   3.496216981874e-02  
 2.000256513026e+04   2.182161610813e+14   3.496208315652e-02  
 2.000260521042e+04   2.182156201795e+14   3.496199649449e-02  
 2.000264529058e+04   2.182150792788e+14   3.496190983266e-02  
 2.000268537074e+04   2.182145383794e+14   3.496182317101e-02  
 2.000272545090e+04   2.182139974811e+14   3.496173650956e-02  
 2.000276553106e+04   2.182134565841e+14   3.496164984830e-02  
 2.000280561122e+04   2.182129156883e+14   3.496156318724e-02  
 2.000284569138e+04   2.182123747937e+14   3.496147652637e-02  
 2.000288577154e+04   2.182118339002e+14   3.496138986569e-02  
 2.000292585170e+04   2.182112930080e+14   3.496130320520e-02  
 2.000296593186e+04   2.182107521170e+14   3.496121654490e-02  
 2.000300601202e+04   2.182102112272e+14   3.496112988480e-02  
 2.000304609218e+04   2.182096703386e+14   3.496104322489e-02  
 2.000308617234e+04   2.182091294511e+14   3.496095656517e-02  
 2.000312625251e+04   2.182085885649e+14   3.496086990565e-02  
 2.000316633267e+04   2.182080476799e+14   3.496078324631e-02  
 2.000320641283e+04   2.182075067961e+14   3.496069658717e-02  
 2.000324649299e+04   2.182069659135e+14   3.496060992823e-02  
 2.000328657315e+04   2.182064250321e+14   3.496052326947e-02  
 2.000332665331e+04   2.182058841519e+14   3.496043661091e-02  
 2.000336673347e+04   2.182053432728e+14   3.496034995254e-02  
 2.000340681363e+04   2.182048023951e+14   3.496026329437e-02  
 2.000344689379e+04   2.182042615184e+14   3.496017663638e-02  
 2.000348697395e+04   2.182037206430e+14   3.496008997858e-02  
 2.000352705411e+04   2.182031797689e+14   3.496000332099e-02  
 2.000356713427e+04   2.182026388958e+14   3.495991666358e-02  
 2.000360721443e+04   2.182020980240e+14   3.495983000636e-02  
 2.000364729459e+04   2.182015571535e+14   3.495974334934e-02  
 2.000368737475e+04   2.182010162841e+14   3.495965669251e-02  
 2.000372745491e+04   2.182004754159e+14   3.495957003588e-02  
 2.000376753507e+04   2.181999345489e+14   3.495948337944e-02  
 2.000380761523e+04   2.181993936831e+14   3.495939672318e-02  
 2.000384769539e+04   2.181988528185e+14   3.495931006712e-02  
 2.000388777555e+04   2.181983119552e+14   3.495922341126e-02  
 2.000392785571e+04   2.181977710930e+14   3.495913675558e-02  
 2.000396793587e+04   2.181972302320e+14   3.495905010010e-02  
 2.000400801603e+04   2.181966893722e+14   3.495896344481e-02  
 2.000404809619e+04   2.181961485137e+14   3.495887678972e-02  
 2.000408817635e+04   2.181956076563e+14   3.495879013481e-02  
 2.000412825651e+04   2.181950668001e+14   3.495870348010e-02  
 2.000416833667e+04   2.181945259451e+14   3.495861682558e-02  
 2.000420841683e+04   2.181939850914e+14   3.495853017126e-02  
 2.000424849699e+04   2.181934442388e+14   3.495844351712e-02  
 2.000428857715e+04   2.181929033874e+14   3.495835686318e-02  
 2.000432865731e+04   2.181923625373e+14   3.495827020944e-02  
 2.000436873747e+04   2.181918216883e+14   3.495818355588e-02  
 2.000440881764e+04   2.181912808406e+14   3.495809690252e-02  
 2.000444889780e+04   2.181907399940e+14   3.495801024934e-02  
 2.000448897796e+04   2.181901991486e+14   3.495792359636e-02  
 2.000452905812e+04   2.181896583045e+14   3.495783694358e-02  
 2.000456913828e+04   2.181891174615e+14   3.495775029098e-02  
 2.000460921844e+04   2.181885766198e+14   3.495766363858e-02  
 2.000464929860e+04   2.181880357792e+14   3.495757698638e-02  
 2.000468937876e+04   2.181874949399e+14   3.495749033436e-02  
 2.000472945892e+04   2.181869541018e+14   3.495740368254e-02  
 2.000476953908e+04   2.181864132648e+14   3.495731703091e-02  
 2.000480961924e+04   2.181858724291e+14   3.495723037947e-02  
 2.000484969940e+04   2.181853315945e+14   3.495714372823e-02  
 2.000488977956e+04   2.181847907612e+14   3.495705707718e-02  
 2.000492985972e+04   2.181842499291e+14   3.495697042631e-02  
 2.000496993988e+04   2.181837090981e+14   3.495688377564e-02  
 2.000501002004e+04   2.181831682684e+14   3.495679712517e-02  
 2.000505010020e+04   2.181826274399e+14   3.495671047489e-02  
 2.000509018036e+04   2.181820866125e+14   3.495662382480e-02  
 2.000513026052e+04   2.181815457864e+14   3.495653717490e-02  
 2.000517034068e+04   2.181810049615e+14   3.495645052519e-02  
 2.000521042084e+04   2.181804641378e+14   3.495636387568e-02  
 2.000525050100e+04   2.181799233152e+14   3.495627722636e-02  
 2.000529058116e+04   2.181793824939e+14   3.495619057723e-02  
 2.000533066132e+04   2.181788416738e+14   3.495610392830e-02  
 2.000537074148e+04   2.181783008549e+14   3.495601727956e-02  
 2.000541082164e+04   2.181777600372e+14   3.495593063101e-02  
 2.000545090180e+04   2.181772192207e+14   3.495584398265e-02  
 2.000549098196e+04   2.181766784054e+14   3.495575733449e-02  
 2.000553106212e+04   2.181761375912e+14   3.495567068651e-02  
 2.000557114228e+04   2.181755967784e+14   3.495558403874e-02  
 2.000561122244e+04   2.181750559667e+14   3.495549739115e-02  
 2.000565130261e+04   2.181745151561e+14   3.495541074375e-02  
 2.000569138277e+04   2.181739743468e+14   3.495532409655e-02  
 2.000573146293e+04   2.181734335387e+14   3.495523744954e-02  
 2.000577154309e+04   2.181728927318e+14   3.495515080272e-02  
 2.000581162325e+04   2.181723519261e+14   3.495506415610e-02  
 2.000585170341e+04   2.181718111216e+14   3.495497750967e-02  
 2.000589178357e+04   2.181712703184e+14   3.495489086343e-02  
 2.000593186373e+04   2.181707295163e+14   3.495480421738e-02  
 2.000597194389e+04   2.181701887154e+14   3.495471757153e-02  
 2.000601202405e+04   2.181696479157e+14   3.495463092587e-02  
 2.000605210421e+04   2.181691071172e+14   3.495454428040e-02  
 2.000609218437e+04   2.181685663199e+14   3.495445763512e-02  
 2.000613226453e+04   2.181680255238e+14   3.495437099004e-02  
 2.000617234469e+04   2.181674847289e+14   3.495428434514e-02  
 2.000621242485e+04   2.181669439353e+14   3.495419770045e-02  
 2.000625250501e+04   2.181664031428e+14   3.495411105594e-02  
 2.000629258517e+04   2.181658623515e+14   3.495402441163e-02  
 2.000633266533e+04   2.181653215614e+14   3.495393776750e-02  
 2.000637274549e+04   2.181647807726e+14   3.495385112358e-02  
 2.000641282565e+04   2.181642399849e+14   3.495376447984e-02  
 2.000645290581e+04   2.181636991984e+14   3.495367783630e-02  
 2.000649298597e+04   2.181631584132e+14   3.495359119294e-02  
 2.000653306613e+04   2.181626176291e+14   3.495350454978e-02  
 2.000657314629e+04   2.181620768462e+14   3.495341790682e-02  
 2.000661322645e+04   2.181615360646e+14   3.495333126404e-02  
 2.000665330661e+04   2.181609952841e+14   3.495324462147e-02  
 2.000669338677e+04   2.181604545049e+14   3.495315797908e-02  
 2.000673346693e+04   2.181599137268e+14   3.495307133688e-02  
 2.000677354709e+04   2.181593729500e+14   3.495298469488e-02  
 2.000681362725e+04   2.181588321743e+14   3.495289805307e-02  
 2.000685370741e+04   2.181582913998e+14   3.495281141145e-02  
 2.000689378758e+04   2.181577506266e+14   3.495272477002e-02  
 2.000693386774e+04   2.181572098545e+14   3.495263812878e-02  
 2.000697394790e+04   2.181566690837e+14   3.495255148775e-02  
 2.000701402806e+04   2.181561283140e+14   3.495246484690e-02  
 2.000705410822e+04   2.181555875456e+14   3.495237820625e-02  
 2.000709418838e+04   2.181550467783e+14   3.495229156578e-02  
 2.000713426854e+04   2.181545060123e+14   3.495220492551e-02  
 2.000717434870e+04   2.181539652475e+14   3.495211828543e-02  
 2.000721442886e+04   2.181534244838e+14   3.495203164555e-02  
 2.000725450902e+04   2.181528837214e+14   3.495194500586e-02  
 2.000729458918e+04   2.181523429602e+14   3.495185836636e-02  
 2.000733466934e+04   2.181518022002e+14   3.495177172705e-02  
 2.000737474950e+04   2.181512614413e+14   3.495168508793e-02  
 2.000741482966e+04   2.181507206837e+14   3.495159844901e-02  
 2.000745490982e+04   2.181501799273e+14   3.495151181028e-02  
 2.000749498998e+04   2.181496391720e+14   3.495142517174e-02  
 2.000753507014e+04   2.181490984180e+14   3.495133853340e-02  
 2.000757515030e+04   2.181485576652e+14   3.495125189525e-02  
 2.000761523046e+04   2.181480169136e+14   3.495116525728e-02  
 2.000765531062e+04   2.181474761632e+14   3.495107861952e-02  
 2.000769539078e+04   2.181469354140e+14   3.495099198194e-02  
 2.000773547094e+04   2.181463946659e+14   3.495090534455e-02  
 2.000777555110e+04   2.181458539191e+14   3.495081870737e-02  
 2.000781563126e+04   2.181453131735e+14   3.495073207037e-02  
 2.000785571142e+04   2.181447724291e+14   3.495064543357e-02  
 2.000789579158e+04   2.181442316859e+14   3.495055879696e-02  
 2.000793587174e+04   2.181436909439e+14   3.495047216053e-02  
 2.000797595190e+04   2.181431502031e+14   3.495038552431e-02  
 2.000801603206e+04   2.181426094635e+14   3.495029888827e-02  
 2.000805611222e+04   2.181420687251e+14   3.495021225243e-02  
 2.000809619238e+04   2.181415279879e+14   3.495012561678e-02  
 2.000813627255e+04   2.181409872519e+14   3.495003898132e-02  
 2.000817635271e+04   2.181404465171e+14   3.494995234606e-02  
 2.000821643287e+04   2.181399057835e+14   3.494986571099e-02  
 2.000825651303e+04   2.181393650511e+14   3.494977907611e-02  
 2.000829659319e+04   2.181388243200e+14   3.494969244142e-02  
 2.000833667335e+04   2.181382835899e+14   3.494960580692e-02  
 2.000837675351e+04   2.181377428612e+14   3.494951917262e-02  
 2.000841683367e+04   2.181372021336e+14   3.494943253851e-02  
 2.000845691383e+04   2.181366614072e+14   3.494934590460e-02  
 2.000849699399e+04   2.181361206820e+14   3.494925927087e-02  
 2.000853707415e+04   2.181355799580e+14   3.494917263733e-02  
 2.000857715431e+04   2.181350392353e+14   3.494908600400e-02  
 2.000861723447e+04   2.181344985137e+14   3.494899937086e-02  
 2.000865731463e+04   2.181339577933e+14   3.494891273789e-02  
 2.000869739479e+04   2.181334170741e+14   3.494882610514e-02  
 2.000873747495e+04   2.181328763562e+14   3.494873947257e-02  
 2.000877755511e+04   2.181323356394e+14   3.494865284019e-02  
 2.000881763527e+04   2.181317949238e+14   3.494856620801e-02  
 2.000885771543e+04   2.181312542095e+14   3.494847957602e-02  
 2.000889779559e+04   2.181307134963e+14   3.494839294422e-02  
 2.000893787575e+04   2.181301727843e+14   3.494830631261e-02  
 2.000897795591e+04   2.181296320735e+14   3.494821968119e-02  
 2.000901803607e+04   2.181290913640e+14   3.494813304997e-02  
 2.000905811623e+04   2.181285506556e+14   3.494804641895e-02  
 2.000909819639e+04   2.181280099485e+14   3.494795978811e-02  
 2.000913827655e+04   2.181274692425e+14   3.494787315746e-02  
 2.000917835671e+04   2.181269285378e+14   3.494778652701e-02  
 2.000921843687e+04   2.181263878342e+14   3.494769989675e-02  
 2.000925851703e+04   2.181258471319e+14   3.494761326669e-02  
 2.000929859719e+04   2.181253064307e+14   3.494752663681e-02  
 2.000933867735e+04   2.181247657307e+14   3.494744000713e-02  
 2.000937875752e+04   2.181242250320e+14   3.494735337764e-02  
 2.000941883768e+04   2.181236843345e+14   3.494726674835e-02  
 2.000945891784e+04   2.181231436381e+14   3.494718011924e-02  
 2.000949899800e+04   2.181226029430e+14   3.494709349033e-02  
 2.000953907816e+04   2.181220622490e+14   3.494700686161e-02  
 2.000957915832e+04   2.181215215563e+14   3.494692023308e-02  
 2.000961923848e+04   2.181209808648e+14   3.494683360475e-02  
 2.000965931864e+04   2.181204401744e+14   3.494674697661e-02  
 2.000969939880e+04   2.181198994853e+14   3.494666034866e-02  
 2.000973947896e+04   2.181193587974e+14   3.494657372091e-02  
 2.000977955912e+04   2.181188181106e+14   3.494648709334e-02  
 2.000981963928e+04   2.181182774251e+14   3.494640046597e-02  
 2.000985971944e+04   2.181177367408e+14   3.494631383879e-02  
 2.000989979960e+04   2.181171960577e+14   3.494622721181e-02  
 2.000993987976e+04   2.181166553757e+14   3.494614058501e-02  
 2.000997995992e+04   2.181161146950e+14   3.494605395841e-02  
 2.001002004008e+04   2.181155740155e+14   3.494596733200e-02  
 2.001006012024e+04   2.181150333372e+14   3.494588070579e-02  
 2.001010020040e+04   2.181144926601e+14   3.494579407976e-02  
 2.001014028056e+04   2.181139519841e+14   3.494570745393e-02  
 2.001018036072e+04   2.181134113094e+14   3.494562082829e-02  
 2.001022044088e+04   2.181128706359e+14   3.494553420284e-02  
 2.001026052104e+04   2.181123299636e+14   3.494544757759e-02  
 2.001030060120e+04   2.181117892925e+14   3.494536095253e-02  
 2.001034068136e+04   2.181112486226e+14   3.494527432766e-02  
 2.001038076152e+04   2.181107079539e+14   3.494518770299e-02  
 2.001042084168e+04   2.181101672864e+14   3.494510107850e-02  
 2.001046092184e+04   2.181096266201e+14   3.494501445421e-02  
 2.001050100200e+04   2.181090859550e+14   3.494492783011e-02  
 2.001054108216e+04   2.181085452911e+14   3.494484120621e-02  
 2.001058116232e+04   2.181080046284e+14   3.494475458249e-02  
 2.001062124248e+04   2.181074639669e+14   3.494466795897e-02  
 2.001066132265e+04   2.181069233066e+14   3.494458133564e-02  
 2.001070140281e+04   2.181063826475e+14   3.494449471251e-02  
 2.001074148297e+04   2.181058419896e+14   3.494440808956e-02  
 2.001078156313e+04   2.181053013329e+14   3.494432146681e-02  
 2.001082164329e+04   2.181047606774e+14   3.494423484425e-02  
 2.001086172345e+04   2.181042200231e+14   3.494414822189e-02  
 2.001090180361e+04   2.181036793700e+14   3.494406159971e-02  
 2.001094188377e+04   2.181031387182e+14   3.494397497773e-02  
 2.001098196393e+04   2.181025980675e+14   3.494388835594e-02  
 2.001102204409e+04   2.181020574180e+14   3.494380173435e-02  
 2.001106212425e+04   2.181015167697e+14   3.494371511295e-02  
 2.001110220441e+04   2.181009761226e+14   3.494362849173e-02  
 2.001114228457e+04   2.181004354768e+14   3.494354187072e-02  
 2.001118236473e+04   2.180998948321e+14   3.494345524989e-02  
 2.001122244489e+04   2.180993541886e+14   3.494336862926e-02  
 2.001126252505e+04   2.180988135463e+14   3.494328200881e-02  
 2.001130260521e+04   2.180982729053e+14   3.494319538857e-02  
 2.001134268537e+04   2.180977322654e+14   3.494310876851e-02  
 2.001138276553e+04   2.180971916267e+14   3.494302214864e-02  
 2.001142284569e+04   2.180966509893e+14   3.494293552898e-02  
 2.001146292585e+04   2.180961103530e+14   3.494284890950e-02  
 2.001150300601e+04   2.180955697179e+14   3.494276229021e-02  
 2.001154308617e+04   2.180950290841e+14   3.494267567112e-02  
 2.001158316633e+04   2.180944884514e+14   3.494258905222e-02  
 2.001162324649e+04   2.180939478200e+14   3.494250243351e-02  
 2.001166332665e+04   2.180934071897e+14   3.494241581500e-02  
 2.001170340681e+04   2.180928665607e+14   3.494232919667e-02  
 2.001174348697e+04   2.180923259328e+14   3.494224257854e-02  
 2.001178356713e+04   2.180917853061e+14   3.494215596060e-02  
 2.001182364729e+04   2.180912446807e+14   3.494206934286e-02  
 2.001186372745e+04   2.180907040565e+14   3.494198272531e-02  
 2.001190380762e+04   2.180901634334e+14   3.494189610795e-02  
 2.001194388778e+04   2.180896228116e+14   3.494180949078e-02  
 2.001198396794e+04   2.180890821909e+14   3.494172287380e-02  
 2.001202404810e+04   2.180885415715e+14   3.494163625702e-02  
 2.001206412826e+04   2.180880009533e+14   3.494154964043e-02  
 2.001210420842e+04   2.180874603362e+14   3.494146302403e-02  
 2.001214428858e+04   2.180869197204e+14   3.494137640783e-02  
 2.001218436874e+04   2.180863791057e+14   3.494128979181e-02  
 2.001222444890e+04   2.180858384923e+14   3.494120317599e-02  
 2.001226452906e+04   2.180852978801e+14   3.494111656037e-02  
 2.001230460922e+04   2.180847572690e+14   3.494102994493e-02  
 2.001234468938e+04   2.180842166592e+14   3.494094332968e-02  
 2.001238476954e+04   2.180836760506e+14   3.494085671464e-02  
 2.001242484970e+04   2.180831354431e+14   3.494077009978e-02  
 2.001246492986e+04   2.180825948369e+14   3.494068348511e-02  
 2.001250501002e+04   2.180820542319e+14   3.494059687064e-02  
 2.001254509018e+04   2.180815136281e+14   3.494051025636e-02  
 2.001258517034e+04   2.180809730255e+14   3.494042364227e-02  
 2.001262525050e+04   2.180804324240e+14   3.494033702837e-02  
 2.001266533066e+04   2.180798918238e+14   3.494025041467e-02  
 2.001270541082e+04   2.180793512248e+14   3.494016380116e-02  
 2.001274549098e+04   2.180788106270e+14   3.494007718784e-02  
 2.001278557114e+04   2.180782700304e+14   3.493999057472e-02  
 2.001282565130e+04   2.180777294350e+14   3.493990396179e-02  
 2.001286573146e+04   2.180771888407e+14   3.493981734904e-02  
 2.001290581162e+04   2.180766482477e+14   3.493973073649e-02  
 2.001294589178e+04   2.180761076559e+14   3.493964412414e-02  
 2.001298597194e+04   2.180755670653e+14   3.493955751198e-02  
 2.001302605210e+04   2.180750264759e+14   3.493947090001e-02  
 2.001306613226e+04   2.180744858877e+14   3.493938428823e-02  
 2.001310621242e+04   2.180739453007e+14   3.493929767664e-02  
 2.001314629259e+04   2.180734047149e+14   3.493921106525e-02  
 2.001318637275e+04   2.180728641303e+14   3.493912445405e-02  
 2.001322645291e+04   2.180723235469e+14   3.493903784304e-02  
 2.001326653307e+04   2.180717829647e+14   3.493895123223e-02  
 2.001330661323e+04   2.180712423838e+14   3.493886462161e-02  
 2.001334669339e+04   2.180707018039e+14   3.493877801117e-02  
 2.001338677355e+04   2.180701612254e+14   3.493869140094e-02  
 2.001342685371e+04   2.180696206480e+14   3.493860479089e-02  
 2.001346693387e+04   2.180690800718e+14   3.493851818103e-02  
 2.001350701403e+04   2.180685394968e+14   3.493843157137e-02  
 2.001354709419e+04   2.180679989230e+14   3.493834496190e-02  
 2.001358717435e+04   2.180674583504e+14   3.493825835263e-02  
 2.001362725451e+04   2.180669177790e+14   3.493817174355e-02  
 2.001366733467e+04   2.180663772088e+14   3.493808513465e-02  
 2.001370741483e+04   2.180658366399e+14   3.493799852596e-02  
 2.001374749499e+04   2.180652960721e+14   3.493791191745e-02  
 2.001378757515e+04   2.180647555055e+14   3.493782530914e-02  
 2.001382765531e+04   2.180642149401e+14   3.493773870102e-02  
 2.001386773547e+04   2.180636743760e+14   3.493765209309e-02  
 2.001390781563e+04   2.180631338130e+14   3.493756548536e-02  
 2.001394789579e+04   2.180625932512e+14   3.493747887781e-02  
 2.001398797595e+04   2.180620526907e+14   3.493739227046e-02  
 2.001402805611e+04   2.180615121313e+14   3.493730566330e-02  
 2.001406813627e+04   2.180609715731e+14   3.493721905634e-02  
 2.001410821643e+04   2.180604310162e+14   3.493713244957e-02  
 2.001414829659e+04   2.180598904604e+14   3.493704584298e-02  
 2.001418837675e+04   2.180593499058e+14   3.493695923660e-02  
 2.001422845691e+04   2.180588093525e+14   3.493687263040e-02  
 2.001426853707e+04   2.180582688003e+14   3.493678602440e-02  
 2.001430861723e+04   2.180577282494e+14   3.493669941859e-02  
 2.001434869739e+04   2.180571876996e+14   3.493661281297e-02  
 2.001438877756e+04   2.180566471510e+14   3.493652620754e-02  
 2.001442885772e+04   2.180561066037e+14   3.493643960231e-02  
 2.001446893788e+04   2.180555660575e+14   3.493635299727e-02  
 2.001450901804e+04   2.180550255126e+14   3.493626639242e-02  
 2.001454909820e+04   2.180544849689e+14   3.493617978777e-02  
 2.001458917836e+04   2.180539444263e+14   3.493609318330e-02  
 2.001462925852e+04   2.180534038849e+14   3.493600657903e-02  
 2.001466933868e+04   2.180528633448e+14   3.493591997496e-02  
 2.001470941884e+04   2.180523228059e+14   3.493583337107e-02  
 2.001474949900e+04   2.180517822681e+14   3.493574676738e-02  
 2.001478957916e+04   2.180512417316e+14   3.493566016387e-02  
 2.001482965932e+04   2.180507011962e+14   3.493557356057e-02  
 2.001486973948e+04   2.180501606621e+14   3.493548695745e-02  
 2.001490981964e+04   2.180496201292e+14   3.493540035453e-02  
 2.001494989980e+04   2.180490795974e+14   3.493531375179e-02  
 2.001498997996e+04   2.180485390669e+14   3.493522714926e-02  
 2.001503006012e+04   2.180479985376e+14   3.493514054691e-02  
 2.001507014028e+04   2.180474580094e+14   3.493505394476e-02  
 2.001511022044e+04   2.180469174825e+14   3.493496734279e-02  
 2.001515030060e+04   2.180463769568e+14   3.493488074103e-02  
 2.001519038076e+04   2.180458364322e+14   3.493479413945e-02  
 2.001523046092e+04   2.180452959089e+14   3.493470753807e-02  
 2.001527054108e+04   2.180447553868e+14   3.493462093688e-02  
 2.001531062124e+04   2.180442148659e+14   3.493453433588e-02  
 2.001535070140e+04   2.180436743462e+14   3.493444773508e-02  
 2.001539078156e+04   2.180431338276e+14   3.493436113446e-02  
 2.001543086172e+04   2.180425933103e+14   3.493427453404e-02  
 2.001547094188e+04   2.180420527942e+14   3.493418793381e-02  
 2.001551102204e+04   2.180415122793e+14   3.493410133377e-02  
 2.001555110220e+04   2.180409717656e+14   3.493401473393e-02  
 2.001559118236e+04   2.180404312531e+14   3.493392813428e-02  
 2.001563126253e+04   2.180398907418e+14   3.493384153482e-02  
 2.001567134269e+04   2.180393502316e+14   3.493375493556e-02  
 2.001571142285e+04   2.180388097228e+14   3.493366833649e-02  
 2.001575150301e+04   2.180382692150e+14   3.493358173760e-02  
 2.001579158317e+04   2.180377287085e+14   3.493349513891e-02  
 2.001583166333e+04   2.180371882032e+14   3.493340854042e-02  
 2.001587174349e+04   2.180366476991e+14   3.493332194211e-02  
 2.001591182365e+04   2.180361071962e+14   3.493323534400e-02  
 2.001595190381e+04   2.180355666945e+14   3.493314874608e-02  
 2.001599198397e+04   2.180350261940e+14   3.493306214836e-02  
 2.001603206413e+04   2.180344856947e+14   3.493297555083e-02  
 2.001607214429e+04   2.180339451966e+14   3.493288895348e-02  
 2.001611222445e+04   2.180334046997e+14   3.493280235633e-02  
 2.001615230461e+04   2.180328642040e+14   3.493271575938e-02  
 2.001619238477e+04   2.180323237095e+14   3.493262916261e-02  
 2.001623246493e+04   2.180317832163e+14   3.493254256604e-02  
 2.001627254509e+04   2.180312427242e+14   3.493245596966e-02  
 2.001631262525e+04   2.180307022333e+14   3.493236937348e-02  
 2.001635270541e+04   2.180301617436e+14   3.493228277748e-02  
 2.001639278557e+04   2.180296212551e+14   3.493219618168e-02  
 2.001643286573e+04   2.180290807678e+14   3.493210958607e-02  
 2.001647294589e+04   2.180285402817e+14   3.493202299065e-02  
 2.001651302605e+04   2.180279997969e+14   3.493193639543e-02  
 2.001655310621e+04   2.180274593131e+14   3.493184980040e-02  
 2.001659318637e+04   2.180269188307e+14   3.493176320556e-02  
 2.001663326653e+04   2.180263783494e+14   3.493167661091e-02  
 2.001667334669e+04   2.180258378694e+14   3.493159001646e-02  
 2.001671342685e+04   2.180252973905e+14   3.493150342220e-02  
 2.001675350701e+04   2.180247569128e+14   3.493141682813e-02  
 2.001679358717e+04   2.180242164363e+14   3.493133023425e-02  
 2.001683366733e+04   2.180236759611e+14   3.493124364057e-02  
 2.001687374749e+04   2.180231354870e+14   3.493115704708e-02  
 2.001691382766e+04   2.180225950141e+14   3.493107045378e-02  
 2.001695390782e+04   2.180220545425e+14   3.493098386067e-02  
 2.001699398798e+04   2.180215140720e+14   3.493089726776e-02  
 2.001703406814e+04   2.180209736028e+14   3.493081067504e-02  
 2.001707414830e+04   2.180204331347e+14   3.493072408251e-02  
 2.001711422846e+04   2.180198926678e+14   3.493063749017e-02  
 2.001715430862e+04   2.180193522022e+14   3.493055089803e-02  
 2.001719438878e+04   2.180188117377e+14   3.493046430608e-02  
 2.001723446894e+04   2.180182712745e+14   3.493037771432e-02  
 2.001727454910e+04   2.180177308124e+14   3.493029112274e-02  
 2.001731462926e+04   2.180171903515e+14   3.493020453137e-02  
 2.001735470942e+04   2.180166498919e+14   3.493011794019e-02  
 2.001739478958e+04   2.180161094334e+14   3.493003134920e-02  
 2.001743486974e+04   2.180155689762e+14   3.492994475841e-02  
 2.001747494990e+04   2.180150285201e+14   3.492985816780e-02  
 2.001751503006e+04   2.180144880653e+14   3.492977157739e-02  
 2.001755511022e+04   2.180139476117e+14   3.492968498717e-02  
 2.001759519038e+04   2.180134071592e+14   3.492959839714e-02  
 2.001763527054e+04   2.180128667080e+14   3.492951180731e-02  
 2.001767535070e+04   2.180123262579e+14   3.492942521767e-02  
 2.001771543086e+04   2.180117858091e+14   3.492933862822e-02  
 2.001775551102e+04   2.180112453614e+14   3.492925203896e-02  
 2.001779559118e+04   2.180107049150e+14   3.492916544989e-02  
 2.001783567134e+04   2.180101644698e+14   3.492907886102e-02  
 2.001787575150e+04   2.180096240257e+14   3.492899227234e-02  
 2.001791583166e+04   2.180090835829e+14   3.492890568385e-02  
 2.001795591182e+04   2.180085431413e+14   3.492881909556e-02  
 2.001799599198e+04   2.180080027008e+14   3.492873250746e-02  
 2.001803607214e+04   2.180074622616e+14   3.492864591955e-02  
 2.001807615230e+04   2.180069218236e+14   3.492855933183e-02  
 2.001811623246e+04   2.180063813868e+14   3.492847274431e-02  
 2.001815631263e+04   2.180058409511e+14   3.492838615697e-02  
 2.001819639279e+04   2.180053005167e+14   3.492829956984e-02  
 2.001823647295e+04   2.180047600835e+14   3.492821298288e-02  
 2.001827655311e+04   2.180042196514e+14   3.492812639613e-02  
 2.001831663327e+04   2.180036792206e+14   3.492803980957e-02  
 2.001835671343e+04   2.180031387910e+14   3.492795322320e-02  
 2.001839679359e+04   2.180025983626e+14   3.492786663702e-02  
 2.001843687375e+04   2.180020579354e+14   3.492778005103e-02  
 2.001847695391e+04   2.180015175094e+14   3.492769346524e-02  
 2.001851703407e+04   2.180009770845e+14   3.492760687964e-02  
 2.001855711423e+04   2.180004366609e+14   3.492752029424e-02  
 2.001859719439e+04   2.179998962385e+14   3.492743370902e-02  
 2.001863727455e+04   2.179993558173e+14   3.492734712399e-02  
 2.001867735471e+04   2.179988153973e+14   3.492726053917e-02  
 2.001871743487e+04   2.179982749785e+14   3.492717395453e-02  
 2.001875751503e+04   2.179977345609e+14   3.492708737008e-02  
 2.001879759519e+04   2.179971941445e+14   3.492700078583e-02  
 2.001883767535e+04   2.179966537293e+14   3.492691420177e-02  
 2.001887775551e+04   2.179961133153e+14   3.492682761790e-02  
 2.001891783567e+04   2.179955729025e+14   3.492674103423e-02  
 2.001895791583e+04   2.179950324909e+14   3.492665445075e-02  
 2.001899799599e+04   2.179944920805e+14   3.492656786745e-02  
 2.001903807615e+04   2.179939516713e+14   3.492648128436e-02  
 2.001907815631e+04   2.179934112633e+14   3.492639470145e-02  
 2.001911823647e+04   2.179928708565e+14   3.492630811874e-02  
 2.001915831663e+04   2.179923304509e+14   3.492622153621e-02  
 2.001919839679e+04   2.179917900465e+14   3.492613495389e-02  
 2.001923847695e+04   2.179912496433e+14   3.492604837175e-02  
 2.001927855711e+04   2.179907092413e+14   3.492596178981e-02  
 2.001931863727e+04   2.179901688405e+14   3.492587520806e-02  
 2.001935871743e+04   2.179896284410e+14   3.492578862650e-02  
 2.001939879760e+04   2.179890880425e+14   3.492570204513e-02  
 2.001943887776e+04   2.179885476454e+14   3.492561546395e-02  
 2.001947895792e+04   2.179880072494e+14   3.492552888297e-02  
 2.001951903808e+04   2.179874668546e+14   3.492544230219e-02  
 2.001955911824e+04   2.179869264610e+14   3.492535572159e-02  
 2.001959919840e+04   2.179863860686e+14   3.492526914119e-02  
 2.001963927856e+04   2.179858456775e+14   3.492518256097e-02  
 2.001967935872e+04   2.179853052875e+14   3.492509598096e-02  
 2.001971943888e+04   2.179847648987e+14   3.492500940113e-02  
 2.001975951904e+04   2.179842245112e+14   3.492492282150e-02  
 2.001979959920e+04   2.179836841248e+14   3.492483624205e-02  
 2.001983967936e+04   2.179831437396e+14   3.492474966281e-02  
 2.001987975952e+04   2.179826033556e+14   3.492466308375e-02  
 2.001991983968e+04   2.179820629729e+14   3.492457650489e-02  
 2.001995991984e+04   2.179815225913e+14   3.492448992621e-02  
 2.002000000000e+04   2.179809822109e+14   3.492440334773e-02  
