#F tmpHeights.dat
#S 1  heights profile
#N 2
#L  coordinate[m]  height[m]
-5.999999999999999778e-01 0.000000000000000000e+00
-5.989999999999999769e-01 5.723842226458541561e-10
-5.979999999999999760e-01 1.005660635909338936e-09
-5.969999999999999751e-01 1.146329239790459885e-09
-5.959999999999999742e-01 1.143390034289218557e-09
-5.949999999999999734e-01 1.094843019405613165e-09
-5.939999999999999725e-01 1.149188195139640663e-09
-5.929999999999999716e-01 1.107925561491302823e-09
-5.919999999999999707e-01 1.044055118460603631e-09
-5.909999999999999698e-01 9.140768660475361559e-10
-5.899999999999999689e-01 7.779908042520996725e-10
-5.889999999999999680e-01 5.267969330743024157e-10
-5.879999999999999671e-01 2.439952525141412538e-10
-5.869999999999999662e-01 -9.941423742838309279e-11
-5.859999999999999654e-01 -4.524315367532705416e-10
-5.849999999999999645e-01 -9.875566454605233922e-10
-5.839999999999999636e-01 -1.672289563550141240e-09
-5.829999999999999627e-01 -2.369130291022124662e-09
-5.819999999999999618e-01 -3.062578827876473042e-09
-5.809999999999999609e-01 -3.715635174113186609e-09
-5.799999999999999600e-01 -4.396799329732259492e-09
-5.789999999999999591e-01 -5.032571294733693547e-09
-5.779999999999999583e-01 -5.543951069117495562e-09
-5.769999999999999574e-01 -5.870938652883662021e-09
-5.760000000000000675e-01 -6.088034046032166560e-09
-5.750000000000000666e-01 -6.131737248563056287e-09
-5.740000000000000657e-01 -6.104048260476310379e-09
-5.730000000000000648e-01 -5.975967081771930693e-09
-5.720000000000000639e-01 -5.773993712449914191e-09
-5.710000000000000631e-01 -5.356628152510261723e-09
-5.700000000000000622e-01 -4.893370401952976065e-09
-5.690000000000000613e-01 -4.376220460778056416e-09
-5.680000000000000604e-01 -3.891678328985498291e-09
-5.670000000000000595e-01 -3.278244006575305504e-09
-5.660000000000000586e-01 -2.618917493547475804e-09
-5.650000000000000577e-01 -1.894698789902008741e-09
-5.640000000000000568e-01 -1.119087895638904731e-09
-5.630000000000000560e-01 -1.985848107581636336e-10
-5.620000000000000551e-01 7.988104647402092033e-10
-5.610000000000000542e-01 1.871097930856214614e-09
-5.600000000000000533e-01 2.927277587589858392e-09
-5.590000000000000524e-01 3.963849434941138843e-09
-5.580000000000000515e-01 4.980313472910052921e-09
-5.570000000000000506e-01 6.068169701496600979e-09
-5.560000000000000497e-01 7.208918120700784375e-09
-5.550000000000000488e-01 8.304058730522603915e-09
-5.540000000000000480e-01 9.409091530962059664e-09
-5.530000000000000471e-01 1.052151652201915044e-08
-5.520000000000000462e-01 1.154683370369387332e-08
-5.510000000000000453e-01 1.251804307598623263e-08
-5.500000000000000444e-01 1.355964463889623058e-08
-5.490000000000000435e-01 1.448563839242386305e-08
-5.480000000000000426e-01 1.532702433656913045e-08
-5.470000000000000417e-01 1.606280247133203545e-08
-5.460000000000000409e-01 1.679847279671257358e-08
-5.450000000000000400e-01 1.750203531271074828e-08
-5.440000000000000391e-01 1.808449001932655789e-08
-5.430000000000000382e-01 1.839733691656000276e-08
-5.420000000000000373e-01 1.863557600441108231e-08
-5.410000000000000364e-01 1.882020728287980053e-08
-5.400000000000000355e-01 1.897123075196615360e-08
-5.390000000000000346e-01 1.903264641167014090e-08
-5.380000000000000338e-01 1.911645426199176369e-08
-5.370000000000000329e-01 1.921965430293102189e-08
-5.360000000000000320e-01 1.939624653448791385e-08
-5.350000000000000311e-01 1.958723095666244217e-08
-5.340000000000000302e-01 1.980010756945460541e-08
-5.330000000000000293e-01 2.004587637286440612e-08
-5.320000000000000284e-01 2.032003736689184252e-08
-5.310000000000000275e-01 2.060559055153691186e-08
-5.300000000000000266e-01 2.090503592679961699e-08
-5.290000000000000258e-01 2.115287349267995973e-08
-5.280000000000000249e-01 2.133110324917794614e-08
-5.270000000000000240e-01 2.147272519629356070e-08
-5.260000000000000231e-01 2.156323933402681013e-08
-5.250000000000000222e-01 2.165814566237769450e-08
-5.240000000000000213e-01 2.175494418134621427e-08
-5.230000000000000204e-01 2.188663489093236717e-08
-5.220000000000000195e-01 2.196571779113615655e-08
-5.210000000000000187e-01 2.197319288195758403e-08
-5.200000000000000178e-01 2.196656016339664531e-08
-5.190000000000000169e-01 2.206431963545334243e-08
-5.180000000000000160e-01 2.213197129812767507e-08
-5.170000000000000151e-01 2.221251515141964566e-08
-5.160000000000000142e-01 2.231345119532924948e-08
-5.150000000000000133e-01 2.241277942985648806e-08
-5.140000000000000124e-01 2.235799985500136382e-08
-5.130000000000000115e-01 2.219111247076387807e-08
-5.120000000000000107e-01 2.203411727714402358e-08
-5.110000000000000098e-01 2.198201427414180548e-08
-5.100000000000000089e-01 2.197130346175722456e-08
-5.090000000000000080e-01 2.209898483999027833e-08
-5.080000000000000071e-01 2.239655840884096610e-08
-5.070000000000000062e-01 2.286052416830929053e-08
-5.060000000000000053e-01 2.335988211839525195e-08
-5.050000000000000044e-01 2.389663225909884603e-08
-5.040000000000000036e-01 2.447327459042007228e-08
-5.030000000000000027e-01 2.508330911235893988e-08
-5.020000000000000018e-01 2.564373582491544406e-08
-5.010000000000000009e-01 2.623155472808958278e-08
-5.000000000000000000e-01 2.679976582188135569e-08
-4.989999999999999991e-01 2.735036910629076837e-08
-4.979999999999999982e-01 2.791936458131781532e-08
-4.969999999999999973e-01 2.846275224696249628e-08
-4.959999999999999964e-01 2.896553210322481078e-08
-4.949999999999999956e-01 2.932020415010476265e-08
-4.939999999999999947e-01 2.956076838760235075e-08
-4.929999999999999938e-01 2.989722481571757496e-08
-4.919999999999999929e-01 3.050707343445043474e-08
-4.909999999999999920e-01 3.098681424380092914e-08
-4.899999999999999911e-01 3.130644724376905724e-08
-4.889999999999999902e-01 3.157447243435482295e-08
-4.879999999999999893e-01 3.183038981555823135e-08
-4.869999999999999885e-01 3.202319938737927094e-08
-4.859999999999999876e-01 3.226790114981793978e-08
-4.849999999999999867e-01 3.258599510287424900e-08
-4.839999999999999858e-01 3.303298124654819536e-08
-4.829999999999999849e-01 3.351585958083977267e-08
-4.819999999999999840e-01 3.405913010574898886e-08
-4.809999999999999831e-01 3.461229282127583961e-08
-4.799999999999999822e-01 3.518884772742031375e-08
-4.790000000000000369e-01 3.577729482418240487e-08
-4.780000000000000360e-01 3.643363411156216322e-08
-4.770000000000000351e-01 3.717786558955955854e-08
-4.760000000000000342e-01 3.802098925817459007e-08
-4.750000000000000333e-01 3.890200511740725483e-08
-4.740000000000000324e-01 3.966791316725755798e-08
-4.730000000000000315e-01 4.023921340772549542e-08
-4.720000000000000306e-01 4.075940583881107764e-08
-4.710000000000000298e-01 4.124499046051428367e-08
-4.700000000000000289e-01 4.165796727283512997e-08
-4.690000000000000280e-01 4.217083627577361362e-08
-4.680000000000000271e-01 4.272359746932972613e-08
-4.670000000000000262e-01 4.319525085350347590e-08
-4.660000000000000253e-01 4.351579642829486294e-08
-4.650000000000000244e-01 4.375623419370388837e-08
-4.640000000000000235e-01 4.388756414973053915e-08
-4.630000000000000226e-01 4.393628629637482547e-08
-4.620000000000000218e-01 4.398390063363676035e-08
-4.610000000000000209e-01 4.392590716151631793e-08
-4.600000000000000200e-01 4.389530588001351667e-08
-4.590000000000000191e-01 4.398209678912835275e-08
-4.580000000000000182e-01 4.399227988886083119e-08
-4.570000000000000173e-01 4.393435517921093514e-08
-4.560000000000000164e-01 4.373282266017867826e-08
-4.550000000000000155e-01 4.354518233176405385e-08
-4.540000000000000147e-01 4.325293419396706652e-08
-4.530000000000000138e-01 4.288307824678771379e-08
-4.520000000000000129e-01 4.246761449022599223e-08
-4.510000000000000120e-01 4.208054292428191298e-08
-4.500000000000000111e-01 4.161486354895547380e-08
-4.490000000000000102e-01 4.115057636424665955e-08
-4.480000000000000093e-01 4.079468137015549228e-08
-4.470000000000000084e-01 4.051067856668195707e-08
-4.460000000000000075e-01 4.039406795382605635e-08
-4.450000000000000067e-01 4.040734953158778728e-08
-4.440000000000000058e-01 4.049702329996716200e-08
-4.430000000000000049e-01 4.059058925896416447e-08
-4.420000000000000040e-01 4.064254740857880266e-08
-4.410000000000000031e-01 4.061439774881107923e-08
-4.400000000000000022e-01 4.061164027966098808e-08
-4.390000000000000013e-01 4.062177500112853488e-08
-4.380000000000000004e-01 4.060430191321371343e-08
-4.369999999999999996e-01 4.051872101591653072e-08
-4.359999999999999987e-01 4.031103230923697849e-08
-4.349999999999999978e-01 3.999023579317506691e-08
-4.339999999999999969e-01 3.968533146773079670e-08
-4.329999999999999960e-01 3.946931933290415136e-08
-4.319999999999999951e-01 3.932019938869515227e-08
-4.309999999999999942e-01 3.911697163510378796e-08
-4.299999999999999933e-01 3.888613607213005538e-08
-4.289999999999999925e-01 3.865369269977395756e-08
-4.279999999999999916e-01 3.848064151803549086e-08
-4.269999999999999907e-01 3.812098252691466090e-08
-4.259999999999999898e-01 3.762371572641147029e-08
-4.249999999999999889e-01 3.710184111652591482e-08
-4.239999999999999880e-01 3.655385869725799280e-08
-4.229999999999999871e-01 3.600426846860770552e-08
-4.219999999999999862e-01 3.539207043057505662e-08
-4.209999999999999853e-01 3.479826458316003867e-08
-4.199999999999999845e-01 3.425635092636266320e-08
-4.189999999999999836e-01 3.376932946018292037e-08
-4.179999999999999827e-01 3.331720018462082060e-08
-4.169999999999999818e-01 3.291396309967634666e-08
-4.160000000000000364e-01 3.264361820534952764e-08
-4.150000000000000355e-01 3.247516550164033500e-08
-4.140000000000000346e-01 3.232810498854877010e-08
-4.130000000000000338e-01 3.197393666607484516e-08
-4.120000000000000329e-01 3.143116053421855468e-08
-4.110000000000000320e-01 3.094927659297989703e-08
-4.100000000000000311e-01 3.052978484235888053e-08
-4.090000000000000302e-01 3.011818528235548970e-08
-4.080000000000000293e-01 2.971097791296974043e-08
-4.070000000000000284e-01 2.927766273420162790e-08
-4.060000000000000275e-01 2.876873974605115224e-08
-4.050000000000000266e-01 2.823220894851831162e-08
-4.040000000000000258e-01 2.764707034160310540e-08
-4.030000000000000249e-01 2.706532392530553630e-08
-4.020000000000000240e-01 2.649096969962560222e-08
-4.010000000000000231e-01 2.588950766456330376e-08
-4.000000000000000222e-01 2.521693782011864065e-08
-3.990000000000000213e-01 2.453176016629160974e-08
-3.980000000000000204e-01 2.378797470308221512e-08
-3.970000000000000195e-01 2.296508143049045671e-08
-3.960000000000000187e-01 2.204108034851633273e-08
-3.950000000000000178e-01 2.110397145715984699e-08
-3.940000000000000169e-01 2.021825475642099324e-08
-3.930000000000000160e-01 1.933893024629978001e-08
-3.920000000000000151e-01 1.844599792679620115e-08
-3.910000000000000142e-01 1.755695779791025666e-08
-3.900000000000000133e-01 1.659180985964194847e-08
-3.890000000000000124e-01 1.555905411199127629e-08
-3.880000000000000115e-01 1.456469055495824121e-08
-3.870000000000000107e-01 1.360521918854283925e-08
-3.860000000000000098e-01 1.256514001274507180e-08
-3.850000000000000089e-01 1.142195302756494312e-08
-3.840000000000000080e-01 1.020965823300244875e-08
-3.830000000000000071e-01 9.007755629057586197e-09
-3.820000000000000062e-01 7.911245215730360609e-09
-3.810000000000000053e-01 6.929626993020776141e-09
-3.800000000000000044e-01 6.075900960928824374e-09
-3.790000000000000036e-01 5.328067119454506831e-09
-3.780000000000000027e-01 4.544625468597825190e-09
-3.770000000000000018e-01 3.689076008358781076e-09
-3.760000000000000009e-01 2.851418738737367354e-09
-3.750000000000000000e-01 1.995153659733592267e-09
-3.739999999999999991e-01 1.142780771347458167e-09
-3.729999999999999982e-01 2.568000735789556189e-10
-3.719999999999999973e-01 -6.497884335719138705e-10
-3.709999999999999964e-01 -1.563984750105148796e-09
-3.699999999999999956e-01 -2.479288876020741786e-09
-3.689999999999999947e-01 -3.439700811318703029e-09
-3.679999999999999938e-01 -4.332720555999037308e-09
-3.669999999999999929e-01 -5.191348110061729102e-09
-3.659999999999999920e-01 -6.137083473506783835e-09
-3.649999999999999911e-01 -7.249426646334205625e-09
-3.639999999999999902e-01 -8.511877628543988999e-09
-3.629999999999999893e-01 -9.825436420136134194e-09
-3.619999999999999885e-01 -1.109460302111064542e-08
-3.609999999999999876e-01 -1.228987743146752231e-08
-3.599999999999999867e-01 -1.351725965120676594e-08
-3.589999999999999858e-01 -1.478924968032837065e-08
-3.579999999999999849e-01 -1.602834751883234119e-08
-3.569999999999999840e-01 -1.729405316671867885e-08
-3.559999999999999831e-01 -1.861386662398737513e-08
-3.549999999999999822e-01 -1.999578789063843907e-08
-3.539999999999999813e-01 -2.135981696667186601e-08
-3.529999999999999805e-01 -2.267895385208765842e-08
-3.519999999999999796e-01 -2.402919854688582305e-08
-3.510000000000000342e-01 -2.541605105106626027e-08
-3.500000000000000333e-01 -2.674151136462914350e-08
-3.490000000000000324e-01 -2.795107948757439110e-08
-3.480000000000000315e-01 -2.909925541990199868e-08
-3.470000000000000306e-01 -3.016403916161198101e-08
-3.460000000000000298e-01 -3.114543071270432485e-08
-3.450000000000000289e-01 -3.205893007317903454e-08
-3.440000000000000280e-01 -3.294453724303608927e-08
-3.430000000000000271e-01 -3.386675222227552246e-08
-3.420000000000000262e-01 -3.479357501089732430e-08
-3.410000000000000253e-01 -3.564000560890147782e-08
-3.400000000000000244e-01 -3.641654401628800816e-08
-3.390000000000000235e-01 -3.714769023305690339e-08
-3.380000000000000226e-01 -3.782544425920815445e-08
-3.370000000000000218e-01 -3.846380609474177721e-08
-3.360000000000000209e-01 -3.911527573965776502e-08
-3.350000000000000200e-01 -3.967535319395611850e-08
-3.340000000000000191e-01 -4.015653845763681213e-08
-3.330000000000000182e-01 -4.060533153069988539e-08
-3.320000000000000173e-01 -4.110223241314533693e-08
-3.310000000000000164e-01 -4.163474110497313933e-08
-3.300000000000000155e-01 -4.213235760618330529e-08
-3.290000000000000147e-01 -4.256858191677584448e-08
-3.280000000000000138e-01 -4.299141403675077161e-08
-3.270000000000000129e-01 -4.341335396610803469e-08
-3.260000000000000120e-01 -4.380540170484766700e-08
-3.250000000000000111e-01 -4.416655725296964095e-08
-3.240000000000000102e-01 -4.449082061047400266e-08
-3.230000000000000093e-01 -4.475319177736072380e-08
-3.220000000000000084e-01 -4.497317075362981322e-08
-3.210000000000000075e-01 -4.522225753928125938e-08
-3.200000000000000067e-01 -4.545145213431507288e-08
-3.190000000000000058e-01 -4.565225453873125731e-08
-3.180000000000000049e-01 -4.591266475252980659e-08
-3.170000000000000040e-01 -4.622918277571071674e-08
-3.160000000000000031e-01 -4.656780860827398892e-08
-3.150000000000000022e-01 -4.688404225021962560e-08
-3.140000000000000013e-01 -4.714588370154763020e-08
-3.130000000000000004e-01 -4.738633296225800045e-08
-3.119999999999999996e-01 -4.757889003235072613e-08
-3.109999999999999987e-01 -4.767905491182582298e-08
-3.099999999999999978e-01 -4.778282760068327410e-08
-3.089999999999999969e-01 -4.788220809892309691e-08
-3.079999999999999960e-01 -4.794169640654529085e-08
-3.069999999999999951e-01 -4.798079252354983833e-08
-3.059999999999999942e-01 -4.803499644993675313e-08
-3.049999999999999933e-01 -4.815030818570603447e-08
-3.039999999999999925e-01 -4.838772773085767212e-08
-3.029999999999999916e-01 -4.871225508539169256e-08
-3.019999999999999907e-01 -4.900739024930806956e-08
-3.009999999999999898e-01 -4.923063322260680788e-08
-2.999999999999999889e-01 -4.943298400528791241e-08
-2.989999999999999880e-01 -4.967894259735137687e-08
-2.979999999999999871e-01 -4.992950899879720998e-08
-2.969999999999999862e-01 -5.013168320962540459e-08
-2.959999999999999853e-01 -5.024346522983596600e-08
-2.949999999999999845e-01 -5.030085505942888210e-08
-2.939999999999999836e-01 -5.029085269840417786e-08
-2.929999999999999827e-01 -5.023295814676182244e-08
-2.919999999999999818e-01 -5.016167140450184173e-08
-2.909999999999999809e-01 -5.016649247162423134e-08
-2.899999999999999800e-01 -5.029142134812897499e-08
-2.889999999999999791e-01 -5.047395803401609444e-08
-2.880000000000000338e-01 -5.061010252928556442e-08
-2.870000000000000329e-01 -5.058635483393740181e-08
-2.860000000000000320e-01 -5.049921494797159692e-08
-2.850000000000000311e-01 -5.052368287138817613e-08
-2.840000000000000302e-01 -5.066775860418709557e-08
-2.830000000000000293e-01 -5.081444214636840787e-08
-2.820000000000000284e-01 -5.088023349793205804e-08
-2.810000000000000275e-01 -5.087763265887809997e-08
-2.800000000000000266e-01 -5.079513962920646105e-08
-2.790000000000000258e-01 -5.071325440891721934e-08
-2.780000000000000249e-01 -5.065847699801033209e-08
-2.770000000000000240e-01 -5.065580739648581441e-08
-2.760000000000000231e-01 -5.070074560434366120e-08
-2.750000000000000222e-01 -5.067529162158387101e-08
-2.740000000000000213e-01 -5.053294544820645728e-08
-2.730000000000000204e-01 -5.035670708421138178e-08
-2.720000000000000195e-01 -5.017607652959869119e-08
-2.710000000000000187e-01 -4.998905378436835679e-08
-2.700000000000000178e-01 -4.990013884852037794e-08
-2.690000000000000169e-01 -4.993633172205478527e-08
-2.680000000000000160e-01 -4.999563240497154252e-08
-2.670000000000000151e-01 -5.004704089727066749e-08
-2.660000000000000142e-01 -5.008855719895215790e-08
-2.650000000000000133e-01 -5.005118131001601492e-08
-2.640000000000000124e-01 -5.000741323046224135e-08
-2.630000000000000115e-01 -4.996525296029081980e-08
-2.620000000000000107e-01 -4.986220049950177204e-08
-2.610000000000000098e-01 -4.969625584809508257e-08
-2.600000000000000089e-01 -4.943791900607075763e-08
-2.590000000000000080e-01 -4.904018997342879688e-08
-2.580000000000000071e-01 -4.855756875016920918e-08
-2.570000000000000062e-01 -4.814705533629197402e-08
-2.560000000000000053e-01 -4.788014973179710631e-08
-2.550000000000000044e-01 -4.765485193668460950e-08
-2.540000000000000036e-01 -4.739916195095446812e-08
-2.530000000000000027e-01 -4.709057977460669637e-08
-2.520000000000000018e-01 -4.673360540764128612e-08
-2.510000000000000009e-01 -4.641773885005823296e-08
-2.500000000000000000e-01 -4.617398010185755882e-08
-2.489999999999999991e-01 -4.598982916303924952e-08
-2.479999999999999982e-01 -4.576078603360329907e-08
-2.469999999999999973e-01 -4.545185071354970748e-08
-2.459999999999999964e-01 -4.517102320287848471e-08
-2.449999999999999956e-01 -4.495280350158963019e-08
-2.439999999999999947e-01 -4.472019160968313602e-08
-2.429999999999999938e-01 -4.445968752715901334e-08
-2.419999999999999929e-01 -4.421629125401724702e-08
-2.409999999999999920e-01 -4.402700279025785255e-08
-2.399999999999999911e-01 -4.387582213588081177e-08
-2.390000000000000180e-01 -4.371974929088614210e-08
-2.380000000000000171e-01 -4.353578425527383070e-08
-2.370000000000000162e-01 -4.339692702904389418e-08
-2.360000000000000153e-01 -4.336667761219631188e-08
-2.350000000000000144e-01 -4.344453600473109648e-08
-2.340000000000000135e-01 -4.360250220664825594e-08
-2.330000000000000127e-01 -4.377957621794776078e-08
-2.320000000000000118e-01 -4.393425803862964336e-08
-2.310000000000000109e-01 -4.401204766869388159e-08
-2.300000000000000100e-01 -4.396744510814049005e-08
-2.290000000000000091e-01 -4.375295035696946781e-08
-2.280000000000000082e-01 -4.327156341518079753e-08
-2.270000000000000073e-01 -4.281428428277450478e-08
-2.260000000000000064e-01 -4.271461295975057067e-08
-2.250000000000000056e-01 -4.278654944610899606e-08
-2.240000000000000047e-01 -4.284909374184978746e-08
-2.230000000000000038e-01 -4.277574584697294701e-08
-2.220000000000000029e-01 -4.252050576147846226e-08
-2.210000000000000020e-01 -4.226887348536634502e-08
-2.200000000000000011e-01 -4.209984901863660548e-08
-2.190000000000000002e-01 -4.196193236128921169e-08
-2.179999999999999993e-01 -4.191912351332419654e-08
-2.169999999999999984e-01 -4.201042247474153805e-08
-2.159999999999999976e-01 -4.214182924554126862e-08
-2.149999999999999967e-01 -4.222784382572334424e-08
-2.139999999999999958e-01 -4.232946621528778774e-08
-2.129999999999999949e-01 -4.236919641423459066e-08
-2.119999999999999940e-01 -4.228203442256375871e-08
-2.109999999999999931e-01 -4.215748024027528749e-08
-2.099999999999999922e-01 -4.200103386736918323e-08
-2.089999999999999913e-01 -4.182619530384543479e-08
-2.080000000000000182e-01 -4.172746454970406989e-08
-2.070000000000000173e-01 -4.168884160494505717e-08
-2.060000000000000164e-01 -4.170732646956840646e-08
-2.050000000000000155e-01 -4.177491914357412192e-08
-2.040000000000000147e-01 -4.181361962696220774e-08
-2.030000000000000138e-01 -4.184542791973264918e-08
-2.020000000000000129e-01 -4.187134402188546060e-08
-2.010000000000000120e-01 -4.196836793342063667e-08
-2.000000000000000111e-01 -4.220199965433817224e-08
-1.990000000000000102e-01 -4.233323918463807425e-08
-1.980000000000000093e-01 -4.239158652432033645e-08
-1.970000000000000084e-01 -4.261154167338497327e-08
-1.960000000000000075e-01 -4.289660463183196793e-08
-1.950000000000000067e-01 -4.312227539966133808e-08
-1.940000000000000058e-01 -4.322855397687305539e-08
-1.930000000000000049e-01 -4.326394036346714838e-08
-1.920000000000000040e-01 -4.331493455944359603e-08
-1.910000000000000031e-01 -4.334253656480242029e-08
-1.900000000000000022e-01 -4.333974637954359998e-08
-1.890000000000000013e-01 -4.343606400366714960e-08
-1.880000000000000004e-01 -4.363648943717306158e-08
-1.869999999999999996e-01 -4.386052268006133728e-08
-1.859999999999999987e-01 -4.409016373233198277e-08
-1.849999999999999978e-01 -4.430941259398497991e-08
-1.839999999999999969e-01 -4.455276926502034795e-08
-1.829999999999999960e-01 -4.484323374543807328e-08
-1.819999999999999951e-01 -4.521080603523818329e-08
-1.809999999999999942e-01 -4.560948613442063907e-08
-1.799999999999999933e-01 -4.590627404298547508e-08
-1.789999999999999925e-01 -4.612466976093266504e-08
-1.779999999999999916e-01 -4.635417328826221779e-08
-1.769999999999999907e-01 -4.665628462497413688e-08
-1.759999999999999898e-01 -4.695700377106843106e-08
-1.750000000000000167e-01 -4.720433072654506783e-08
-1.740000000000000158e-01 -4.745726549140408761e-08
-1.730000000000000149e-01 -4.774080806564545259e-08
-1.720000000000000140e-01 -4.793845844926920272e-08
-1.710000000000000131e-01 -4.798921664227530852e-08
-1.700000000000000122e-01 -4.799008264466377412e-08
-1.690000000000000113e-01 -4.801755645643460685e-08
-1.680000000000000104e-01 -4.808663807758781709e-08
-1.670000000000000095e-01 -4.814882750812338957e-08
-1.660000000000000087e-01 -4.812762474804131032e-08
-1.650000000000000078e-01 -4.804202979734160089e-08
-1.640000000000000069e-01 -4.792354265602427053e-08
-1.630000000000000060e-01 -4.790766332408928759e-08
-1.620000000000000051e-01 -4.811189180153666620e-08
-1.610000000000000042e-01 -4.841972808836641985e-08
-1.600000000000000033e-01 -4.870817218457851493e-08
-1.590000000000000024e-01 -4.893022409017300403e-08
-1.580000000000000016e-01 -4.913538380514983741e-08
-1.570000000000000007e-01 -4.938115132950905378e-08
-1.559999999999999998e-01 -4.961402666325063220e-08
-1.549999999999999989e-01 -4.986750980637457095e-08
-1.539999999999999980e-01 -5.022010075888086638e-08
-1.529999999999999971e-01 -5.061929952076953839e-08
-1.519999999999999962e-01 -5.108960609204057505e-08
-1.509999999999999953e-01 -5.160952047269397182e-08
-1.499999999999999944e-01 -5.214504266272972987e-08
-1.489999999999999936e-01 -5.261967266214785509e-08
-1.479999999999999927e-01 -5.302191047094834106e-08
-1.469999999999999918e-01 -5.338475608913119211e-08
-1.459999999999999909e-01 -5.372670951669640937e-08
-1.449999999999999900e-01 -5.403627075364399303e-08
-1.440000000000000169e-01 -5.432443979997392909e-08
-1.430000000000000160e-01 -5.465971665568624229e-08
-1.420000000000000151e-01 -5.508610132078091634e-08
-1.410000000000000142e-01 -5.559009379525794918e-08
-1.400000000000000133e-01 -5.606719407911735466e-08
-1.390000000000000124e-01 -5.649690217235911614e-08
-1.380000000000000115e-01 -5.699871807498324341e-08
-1.370000000000000107e-01 -5.762814178698973983e-08
-1.360000000000000098e-01 -5.821417330837861004e-08
-1.350000000000000089e-01 -5.862381263914983556e-08
-1.340000000000000080e-01 -5.898305977930342031e-08
-1.330000000000000071e-01 -5.934041472883937295e-08
-1.320000000000000062e-01 -5.965637748775769503e-08
-1.310000000000000053e-01 -6.003294805605837647e-08
-1.300000000000000044e-01 -6.046312643374141594e-08
-1.290000000000000036e-01 -6.085491262080682825e-08
-1.280000000000000027e-01 -6.117530661725460244e-08
-1.270000000000000018e-01 -6.145180842308474322e-08
-1.260000000000000009e-01 -6.176941803829725434e-08
-1.250000000000000000e-01 -6.214713546289211763e-08
-1.239999999999999991e-01 -6.250446069686934770e-08
-1.229999999999999982e-01 -6.282689374022894134e-08
-1.219999999999999973e-01 -6.306143459297091785e-08
-1.209999999999999964e-01 -6.321358325509524377e-08
-1.199999999999999956e-01 -6.339133972660193568e-08
-1.190000000000000085e-01 -6.357220400749098131e-08
-1.180000000000000077e-01 -6.374867609776239862e-08
-1.170000000000000068e-01 -6.394125599741618439e-08
-1.160000000000000059e-01 -6.407994370645232541e-08
-1.150000000000000050e-01 -6.415623922487083852e-08
-1.140000000000000041e-01 -6.413514255267171051e-08
-1.130000000000000032e-01 -6.400065368985494969e-08
-1.120000000000000023e-01 -6.390477263642056960e-08
-1.110000000000000014e-01 -6.379749939236854003e-08
-1.100000000000000006e-01 -6.374483395769886962e-08
-1.089999999999999997e-01 -6.383777633241156893e-08
-1.079999999999999988e-01 -6.391032651650663502e-08
-1.069999999999999979e-01 -6.386698450998405223e-08
-1.059999999999999970e-01 -6.385975031284384734e-08
-1.049999999999999961e-01 -6.394012392508599934e-08
-1.040000000000000091e-01 -6.402460534671053266e-08
-1.030000000000000082e-01 -6.414019457771741174e-08
-1.020000000000000073e-01 -6.435689161810666302e-08
-1.010000000000000064e-01 -6.460119646787826932e-08
-1.000000000000000056e-01 -6.477610912703225301e-08
-9.900000000000000466e-02 -6.488912959556859612e-08
-9.800000000000000377e-02 -6.495975787348730752e-08
-9.700000000000000289e-02 -6.500899396078837133e-08
-9.600000000000000200e-02 -6.508433785747181493e-08
-9.500000000000000111e-02 -6.519178956353760543e-08
-9.400000000000000022e-02 -6.530484907898576571e-08
-9.299999999999999933e-02 -6.542851640381630145e-08
-9.199999999999999845e-02 -6.554979153802919791e-08
-9.099999999999999756e-02 -6.562367448162445699e-08
-8.999999999999999667e-02 -6.565216523460208096e-08
-8.899999999999999578e-02 -6.570676379696205826e-08
-8.799999999999999489e-02 -6.581747016870439643e-08
-8.700000000000000788e-02 -6.602828434982911891e-08
-8.600000000000000699e-02 -6.642970634033619594e-08
-8.500000000000000611e-02 -6.679173614022564468e-08
-8.400000000000000522e-02 -6.685637374949745050e-08
-8.300000000000000433e-02 -6.688561916815161931e-08
-8.200000000000000344e-02 -6.708697239618814818e-08
-8.100000000000000255e-02 -6.730743343360706215e-08
-8.000000000000000167e-02 -6.734900228040832199e-08
-7.900000000000000078e-02 -6.731817893659194257e-08
-7.799999999999999989e-02 -6.736546340215793573e-08
-7.699999999999999900e-02 -6.745635567710630207e-08
-7.599999999999999811e-02 -6.757535576143702400e-08
-7.499999999999999722e-02 -6.764446365515010572e-08
-7.399999999999999634e-02 -6.760517935824556031e-08
-7.299999999999999545e-02 -6.751750287072337640e-08
-7.200000000000000844e-02 -6.743243419258355886e-08
-7.100000000000000755e-02 -6.736747332382611432e-08
-7.000000000000000666e-02 -6.727362026445101368e-08
-6.900000000000000577e-02 -6.714737501445829267e-08
-6.800000000000000488e-02 -6.702573757384794032e-08
-6.700000000000000400e-02 -6.692020794261992995e-08
-6.600000000000000311e-02 -6.680228612077429543e-08
-6.500000000000000222e-02 -6.664447210831103203e-08
-6.400000000000000133e-02 -6.644376590523012314e-08
-6.300000000000000044e-02 -6.633216751153157283e-08
-6.199999999999999956e-02 -6.638217692721541038e-08
-6.099999999999999867e-02 -6.656329415228158797e-08
-5.999999999999999778e-02 -6.683901918673015685e-08
-5.900000000000000383e-02 -6.707485203056105716e-08
-5.800000000000000294e-02 -6.726529268377434883e-08
-5.700000000000000205e-02 -6.745234114637000008e-08
-5.600000000000000117e-02 -6.762299741834802265e-08
-5.500000000000000028e-02 -6.778826149970840252e-08
-5.399999999999999939e-02 -6.799813339045114346e-08
-5.299999999999999850e-02 -6.823011309057623320e-08
-5.200000000000000455e-02 -6.839820060008370655e-08
-5.100000000000000366e-02 -6.851639591897353970e-08
-5.000000000000000278e-02 -6.866819904724573468e-08
-4.900000000000000189e-02 -6.877060998490030325e-08
-4.800000000000000100e-02 -6.870562873193723073e-08
-4.700000000000000011e-02 -6.853375528835651954e-08
-4.599999999999999922e-02 -6.833248965415817815e-08
-4.499999999999999833e-02 -6.821883182934219365e-08
-4.399999999999999745e-02 -6.812328181390857988e-08
-4.300000000000000350e-02 -6.781683960785731539e-08
-4.200000000000000261e-02 -6.745850521118843489e-08
-4.100000000000000172e-02 -6.723177862390190824e-08
-4.000000000000000083e-02 -6.703015984599774701e-08
-3.899999999999999994e-02 -6.679264887747594821e-08
-3.799999999999999906e-02 -6.644274571833651775e-08
-3.699999999999999817e-02 -6.605345036857944574e-08
-3.600000000000000422e-02 -6.578476282820474158e-08
-3.500000000000000333e-02 -6.564618309721241603e-08
-3.400000000000000244e-02 -6.555871117560244567e-08
-3.300000000000000155e-02 -6.552184706337482996e-08
-3.200000000000000067e-02 -6.556609076052959023e-08
-3.099999999999999978e-02 -6.562194226706671386e-08
-2.999999999999999889e-02 -6.560290158298619540e-08
-2.900000000000000147e-02 -6.559696870828804200e-08
-2.800000000000000058e-02 -6.567164364297225078e-08
-2.699999999999999969e-02 -6.578792638703883046e-08
-2.600000000000000228e-02 -6.588381694048777692e-08
-2.500000000000000139e-02 -6.587781530331907714e-08
-2.400000000000000050e-02 -6.588442147553275509e-08
-2.299999999999999961e-02 -6.594513545712879164e-08
-2.199999999999999872e-02 -6.606945724810719757e-08
-2.100000000000000130e-02 -6.622888684846795379e-08
-2.000000000000000042e-02 -6.633042425821108721e-08
-1.899999999999999953e-02 -6.638956947733657569e-08
-1.800000000000000211e-02 -6.644232250584443358e-08
-1.700000000000000122e-02 -6.651818334373465463e-08
-1.600000000000000033e-02 -6.659815199100724377e-08
-1.499999999999999944e-02 -6.666072844766218984e-08
-1.400000000000000029e-02 -6.678891271369950756e-08
-1.300000000000000114e-02 -6.696620478911919145e-08
-1.200000000000000025e-02 -6.715310467392123643e-08
-1.099999999999999936e-02 -6.736061236810564173e-08
-1.000000000000000021e-02 -6.759222787167241133e-08
-9.000000000000001055e-03 -6.774445118462154697e-08
-8.000000000000000167e-03 -6.775078230695303943e-08
-7.000000000000000146e-03 -6.760422123866690723e-08
-6.000000000000000125e-03 -6.729976797976314471e-08
-5.000000000000000104e-03 -6.689992253024173010e-08
-4.000000000000000083e-03 -6.642618489010268777e-08
-3.000000000000000062e-03 -6.594305505934601145e-08
-2.000000000000000042e-03 -6.550003303797170433e-08
-1.000000000000000021e-03 -6.513311882597975429e-08
0.000000000000000000e+00 -6.479831242337016438e-08
1.000000000000000021e-03 -6.441611383014295033e-08
2.000000000000000042e-03 -6.400852304629809739e-08
3.000000000000000062e-03 -6.357504007183560498e-08
4.000000000000000083e-03 -6.319066490675547875e-08
5.000000000000000104e-03 -6.299089755105771351e-08
6.000000000000000125e-03 -6.294873800474231836e-08
7.000000000000000146e-03 -6.291618626780928430e-08
8.000000000000000167e-03 -6.287924234025862192e-08
9.000000000000001055e-03 -6.286640622209032383e-08
1.000000000000000021e-02 -6.280867791330437797e-08
1.099999999999999936e-02 -6.274055741390081022e-08
1.200000000000000025e-02 -6.261254472387959092e-08
1.300000000000000114e-02 -6.233413984324074980e-08
1.400000000000000029e-02 -6.197934277198426490e-08
1.499999999999999944e-02 -6.152665351011015154e-08
1.600000000000000033e-02 -6.102107205761839457e-08
1.700000000000000122e-02 -6.062259841450900336e-08
1.800000000000000211e-02 -6.032673258078197281e-08
1.899999999999999953e-02 -5.994297455643732514e-08
2.000000000000000042e-02 -5.947332434147502291e-08
2.100000000000000130e-02 -5.905828193589509309e-08
2.199999999999999872e-02 -5.869984733969752471e-08
2.299999999999999961e-02 -5.829852055288232406e-08
2.400000000000000050e-02 -5.786730157544948603e-08
2.500000000000000139e-02 -5.750169040739901302e-08
2.600000000000000228e-02 -5.710168704873089754e-08
2.699999999999999969e-02 -5.657379149944515927e-08
2.800000000000000058e-02 -5.599400375954177854e-08
2.900000000000000147e-02 -5.544432382902076228e-08
2.999999999999999889e-02 -5.489925170788210805e-08
3.099999999999999978e-02 -5.432178739612582023e-08
3.200000000000000067e-02 -5.376593089375189386e-08
3.300000000000000155e-02 -5.322768220076033765e-08
3.400000000000000244e-02 -5.265904131715114349e-08
3.500000000000000333e-02 -5.204250824292431140e-08
3.600000000000000422e-02 -5.136358297807984477e-08
3.699999999999999817e-02 -5.064676552261774492e-08
3.799999999999999906e-02 -5.007305587653801196e-08
3.899999999999999994e-02 -4.972345403984063846e-08
4.000000000000000083e-02 -4.948246001252561257e-08
4.100000000000000172e-02 -4.922007379459296556e-08
4.200000000000000261e-02 -4.891279538604269063e-08
4.300000000000000350e-02 -4.863112478687477507e-08
4.399999999999999745e-02 -4.832256199708922554e-08
4.499999999999999833e-02 -4.790160701668603772e-08
4.599999999999999922e-02 -4.735025984566521105e-08
4.700000000000000011e-02 -4.658452048402675617e-08
4.800000000000000100e-02 -4.559588893177066344e-08
4.900000000000000189e-02 -4.456586518889693352e-08
5.000000000000000278e-02 -4.367794925540556934e-08
5.100000000000000366e-02 -4.289664113129656375e-08
5.200000000000000455e-02 -4.210994081656992870e-08
5.299999999999999850e-02 -4.131134831122567007e-08
5.399999999999999939e-02 -4.050986361526375835e-08
5.500000000000000028e-02 -3.972498672868421565e-08
5.600000000000000117e-02 -3.897571765148705028e-08
5.700000000000000205e-02 -3.822105638367223561e-08
5.800000000000000294e-02 -3.746150292523978543e-08
5.900000000000000383e-02 -3.684455727618970157e-08
5.999999999999999778e-02 -3.638371943652197948e-08
6.099999999999999867e-02 -3.590148940623662964e-08
6.199999999999999956e-02 -3.540436718533363296e-08
6.300000000000000044e-02 -3.490485277381300361e-08
6.400000000000000133e-02 -3.441644617167474367e-08
6.500000000000000222e-02 -3.395264737891884197e-08
6.600000000000000311e-02 -3.342345639554530895e-08
6.700000000000000400e-02 -3.290387322155413703e-08
6.800000000000000488e-02 -3.234639785694532526e-08
6.900000000000000577e-02 -3.176153030171888557e-08
7.000000000000000666e-02 -3.119777055587480677e-08
7.100000000000000755e-02 -3.065611861941310322e-08
7.200000000000000844e-02 -3.007957449233375663e-08
7.299999999999999545e-02 -2.953013817463677773e-08
7.399999999999999634e-02 -2.909630966632216100e-08
7.499999999999999722e-02 -2.869958896738990345e-08
7.599999999999999811e-02 -2.824247607784001364e-08
7.699999999999999900e-02 -2.773097099767248513e-08
7.799999999999999989e-02 -2.712507372688732552e-08
7.900000000000000078e-02 -2.646728426548453004e-08
8.000000000000000167e-02 -2.577910261346409000e-08
8.100000000000000255e-02 -2.505952877082601750e-08
8.200000000000000344e-02 -2.441756273757031040e-08
8.300000000000000433e-02 -2.379820451369697250e-08
8.400000000000000522e-02 -2.310745409920599649e-08
8.500000000000000611e-02 -2.241881149409738630e-08
8.600000000000000699e-02 -2.191377669837113597e-08
8.700000000000000788e-02 -2.135584971202725526e-08
8.799999999999999489e-02 -2.063453053506575454e-08
8.899999999999999578e-02 -1.997931916748660287e-08
8.999999999999999667e-02 -1.930371560928981136e-08
9.099999999999999756e-02 -1.862221986047538321e-08
9.199999999999999845e-02 -1.794433192104332589e-08
9.299999999999999933e-02 -1.713855179099362263e-08
9.400000000000000022e-02 -1.623687947032629317e-08
9.500000000000000111e-02 -1.539231495904132573e-08
9.600000000000000200e-02 -1.472785825713871418e-08
9.700000000000000289e-02 -1.412300936461848071e-08
9.800000000000000377e-02 -1.345326828148060325e-08
9.900000000000000466e-02 -1.277613500772509408e-08
1.000000000000000056e-01 -1.207210954335195754e-08
1.010000000000000064e-01 -1.131019188836117172e-08
1.020000000000000073e-01 -1.056538204275275550e-08
1.030000000000000082e-01 -9.868680006526704309e-09
1.040000000000000091e-01 -9.169585779683020452e-09
1.049999999999999961e-01 -8.514099362221703146e-09
1.059999999999999970e-01 -7.863720754142741824e-09
1.069999999999999979e-01 -7.146949955446134820e-09
1.079999999999999988e-01 -6.423286966131909896e-09
1.089999999999999997e-01 -5.760731786200038281e-09
1.100000000000000006e-01 -5.057784415650537230e-09
1.110000000000000014e-01 -4.268944854483408090e-09
1.120000000000000023e-01 -3.428713102698637041e-09
1.130000000000000032e-01 -2.550589160296226157e-09
1.140000000000000041e-01 -1.672573027276178821e-09
1.150000000000000050e-01 -8.631647036384932983e-10
1.160000000000000059e-01 -2.288641893831844716e-10
1.170000000000000068e-01 3.738285154897647926e-10
1.180000000000000077e-01 9.704134109803569396e-10
1.190000000000000085e-01 1.446890497088581816e-09
1.199999999999999956e-01 1.811759773814422592e-09
1.209999999999999964e-01 2.113021241157920458e-09
1.219999999999999973e-01 2.384674899119047796e-09
1.229999999999999982e-01 2.762720747697813233e-09
1.239999999999999991e-01 3.279158786894213350e-09
1.250000000000000000e-01 3.915989016708254208e-09
1.260000000000000009e-01 4.635211437139932421e-09
1.270000000000000018e-01 5.418326048189240247e-09
1.280000000000000027e-01 6.265832849856178253e-09
1.290000000000000036e-01 7.016231842140761834e-09
1.300000000000000044e-01 7.622523025042964165e-09
1.310000000000000053e-01 8.270706398562810868e-09
1.320000000000000062e-01 9.086781962700312468e-09
1.330000000000000071e-01 9.940749717455427433e-09
1.340000000000000080e-01 1.073360966282817585e-08
1.350000000000000089e-01 1.143786179881856625e-08
1.360000000000000098e-01 1.207600612542659768e-08
1.370000000000000107e-01 1.273954264265225476e-08
1.380000000000000115e-01 1.339197135049554906e-08
1.390000000000000124e-01 1.397929224895647228e-08
1.400000000000000133e-01 1.452500533803503783e-08
1.410000000000000142e-01 1.502661061773125611e-08
1.420000000000000151e-01 1.559760808804508378e-08
1.430000000000000160e-01 1.630449774897655652e-08
1.440000000000000169e-01 1.703527960052567970e-08
1.449999999999999900e-01 1.768195364269241025e-08
1.459999999999999909e-01 1.824201987547681152e-08
1.469999999999999918e-01 1.881847829887881501e-08
1.479999999999999927e-01 1.940982891289848519e-08
1.489999999999999936e-01 1.994057171753577617e-08
1.499999999999999944e-01 2.044670671279070228e-08
1.509999999999999953e-01 2.094173389866326561e-08
1.519999999999999962e-01 2.137665327515347676e-08
1.529999999999999971e-01 2.171446484226129378e-08
1.539999999999999980e-01 2.196466859998678038e-08
1.549999999999999989e-01 2.221126454832987300e-08
1.559999999999999998e-01 2.249175268729062739e-08
1.570000000000000007e-01 2.277463301686899459e-08
1.580000000000000016e-01 2.313690553706500899e-08
1.590000000000000024e-01 2.364807024787865673e-08
1.600000000000000033e-01 2.427312714930993784e-08
1.610000000000000042e-01 2.467257624135885117e-08
1.620000000000000051e-01 2.509691752402541607e-08
1.630000000000000060e-01 2.607265099730959426e-08
1.640000000000000069e-01 2.711977666121142380e-08
1.650000000000000078e-01 2.789129451573088181e-08
1.660000000000000087e-01 2.861770456086797817e-08
1.670000000000000095e-01 2.937800679662270984e-08
1.680000000000000104e-01 3.013770122299505754e-08
1.690000000000000113e-01 3.080978783998504173e-08
1.700000000000000122e-01 3.143226664759268566e-08
1.710000000000000131e-01 3.204113764581797720e-08
1.720000000000000140e-01 3.259690083466088480e-08
1.730000000000000149e-01 3.311905621412141733e-08
1.740000000000000158e-01 3.365110378419961089e-08
1.750000000000000167e-01 3.435204354489543401e-08
1.759999999999999898e-01 3.521687549620885455e-08
1.769999999999999907e-01 3.601209963813993861e-08
1.779999999999999916e-01 3.670971597068865445e-08
1.789999999999999925e-01 3.743522449385502525e-08
1.799999999999999933e-01 3.819912520763902322e-08
1.809999999999999942e-01 3.893791811204064253e-08
1.819999999999999951e-01 3.962860320705991003e-08
1.829999999999999960e-01 4.027568049269681760e-08
1.839999999999999969e-01 4.097164996895136425e-08
1.849999999999999978e-01 4.174451163582354201e-08
1.859999999999999987e-01 4.245726549331335437e-08
1.869999999999999996e-01 4.308441154142079887e-08
1.880000000000000004e-01 4.365194978014587852e-08
1.890000000000000013e-01 4.417888020948858841e-08
1.900000000000000022e-01 4.475070282944894608e-08
1.910000000000000031e-01 4.530591764002693471e-08
1.920000000000000040e-01 4.577852464122254567e-08
1.930000000000000049e-01 4.631252383303579663e-08
1.940000000000000058e-01 4.694391521546668872e-08
1.950000000000000067e-01 4.753719878851521389e-08
1.960000000000000075e-01 4.804887455218137573e-08
1.970000000000000084e-01 4.850744250646518010e-08
1.980000000000000093e-01 4.891190265136661263e-08
1.990000000000000102e-01 4.928825498688568956e-08
2.000000000000000111e-01 4.962449951302239730e-08
2.010000000000000120e-01 4.996213622977674319e-08
2.020000000000000129e-01 5.031416513714871550e-08
2.030000000000000138e-01 5.069808623513833407e-08
2.040000000000000147e-01 5.109339952374558891e-08
2.050000000000000155e-01 5.142260500297047153e-08
2.060000000000000164e-01 5.166470267281299783e-08
2.070000000000000173e-01 5.184219253327315362e-08
2.080000000000000182e-01 5.194057458435093569e-08
2.089999999999999913e-01 5.198984882604636482e-08
2.099999999999999922e-01 5.202451525835942720e-08
2.109999999999999931e-01 5.207857388129012167e-08
2.119999999999999940e-01 5.222352469483846313e-08
2.129999999999999949e-01 5.238936769900443839e-08
2.139999999999999958e-01 5.238710289378804489e-08
2.149999999999999967e-01 5.232923027918929108e-08
2.159999999999999976e-01 5.238224985520816725e-08
2.169999999999999984e-01 5.247966162184467738e-08
2.179999999999999993e-01 5.257346557909881999e-08
2.190000000000000002e-01 5.264466172697060001e-08
2.200000000000000011e-01 5.269625006546002085e-08
2.210000000000000020e-01 5.277023059456707717e-08
2.220000000000000029e-01 5.284060331429176598e-08
2.230000000000000038e-01 5.285636822463409562e-08
2.240000000000000047e-01 5.287552532559403920e-08
2.250000000000000056e-01 5.290207461717164098e-08
2.260000000000000064e-01 5.282451609936686716e-08
2.270000000000000073e-01 5.265634977217973305e-08
2.280000000000000082e-01 5.260357563561023401e-08
2.290000000000000091e-01 5.260569368965836762e-08
2.300000000000000100e-01 5.257170393432414979e-08
2.310000000000000109e-01 5.258610636960755724e-08
2.320000000000000118e-01 5.267240099550862322e-08
2.330000000000000127e-01 5.283458781202729933e-08
2.340000000000000135e-01 5.298716681916362760e-08
2.350000000000000144e-01 5.311313801691757550e-08
2.360000000000000153e-01 5.324600140528915455e-08
2.370000000000000162e-01 5.339825698427837894e-08
2.380000000000000171e-01 5.355040475388525300e-08
2.390000000000000180e-01 5.369844471410974575e-08
2.399999999999999911e-01 5.389837686495186775e-08
2.409999999999999920e-01 5.414720120641164204e-08
2.419999999999999929e-01 5.434291773848903240e-08
2.429999999999999938e-01 5.449952646118408116e-08
2.439999999999999947e-01 5.466152737449674614e-08
2.449999999999999956e-01 5.482792047842706591e-08
2.459999999999999964e-01 5.504620577297501492e-08
2.469999999999999973e-01 5.533238325814059807e-08
2.479999999999999982e-01 5.556995293392382886e-08
2.489999999999999991e-01 5.575441480032467571e-08
2.500000000000000000e-01 5.594676885734315484e-08
2.510000000000000009e-01 5.610251510497928198e-08
2.520000000000000018e-01 5.622115354323304331e-08
2.530000000000000027e-01 5.635368417210443051e-08
2.540000000000000036e-01 5.650110699159345793e-08
2.550000000000000044e-01 5.666842200170013124e-08
2.560000000000000053e-01 5.679362920242443309e-08
2.570000000000000062e-01 5.687422859376636063e-08
2.580000000000000071e-01 5.673272017572592435e-08
2.590000000000000080e-01 5.680710394830313123e-08
2.600000000000000089e-01 5.707037991149799035e-08
2.610000000000000098e-01 5.701954806531046073e-08
2.620000000000000107e-01 5.694860840974058460e-08
2.630000000000000115e-01 5.687656094478833055e-08
2.640000000000000124e-01 5.684790567045372918e-08
2.650000000000000133e-01 5.692864258673673623e-08
2.660000000000000142e-01 5.701827169363740318e-08
2.670000000000000151e-01 5.703379299115568884e-08
2.680000000000000160e-01 5.694570647929162594e-08
2.690000000000000169e-01 5.671951215804518859e-08
2.700000000000000178e-01 5.643371002741637316e-08
2.710000000000000187e-01 5.612830008740519855e-08
2.720000000000000195e-01 5.580778233801168308e-08
2.730000000000000204e-01 5.549665677923578837e-08
2.740000000000000213e-01 5.515592341107752312e-08
2.750000000000000222e-01 5.481058223353691570e-08
2.760000000000000231e-01 5.452263324661393052e-08
2.770000000000000240e-01 5.422707645030857328e-08
2.780000000000000249e-01 5.393141184462086573e-08
2.790000000000000258e-01 5.362613942955078386e-08
2.800000000000000266e-01 5.319375920509834002e-08
2.810000000000000275e-01 5.263977117126352720e-08
2.820000000000000284e-01 5.213317532804635176e-08
2.830000000000000293e-01 5.169097167544680650e-08
2.840000000000000302e-01 5.122816021346490091e-08
2.850000000000000311e-01 5.076924094210062308e-08
2.860000000000000320e-01 5.042271386135400339e-08
2.870000000000000329e-01 5.022157897122499984e-08
2.880000000000000338e-01 4.999533627171364410e-08
2.889999999999999791e-01 4.966198576281993583e-08
2.899999999999999800e-01 4.928152744454385043e-08
2.909999999999999809e-01 4.888196131688539316e-08
2.919999999999999818e-01 4.844778737984458617e-08
2.929999999999999827e-01 4.797900563342140298e-08
2.939999999999999836e-01 4.754061607761585111e-08
2.949999999999999845e-01 4.715161871242793889e-08
2.959999999999999853e-01 4.670451353785766353e-08
2.969999999999999862e-01 4.623580055390502671e-08
2.979999999999999871e-01 4.580647976057001819e-08
2.989999999999999880e-01 4.544355115785264212e-08
2.999999999999999889e-01 4.516451474575290511e-08
3.009999999999999898e-01 4.489587052427081645e-08
3.019999999999999907e-01 4.457911849340634952e-08
3.029999999999999916e-01 4.423775865315951773e-08
3.039999999999999925e-01 4.396029100353032879e-08
3.049999999999999933e-01 4.383671554451877887e-08
3.059999999999999942e-01 4.382603227612484795e-08
3.069999999999999951e-01 4.377524119834857430e-08
3.079999999999999960e-01 4.365634231118992617e-08
3.089999999999999969e-01 4.349283561464891697e-08
3.099999999999999978e-01 4.335672110872554893e-08
3.109999999999999987e-01 4.332149879341978629e-08
3.119999999999999996e-01 4.333316866873169354e-08
3.130000000000000004e-01 4.334223073466121456e-08
3.140000000000000013e-01 4.340318499120837805e-08
3.150000000000000022e-01 4.354403143837318929e-08
3.160000000000000031e-01 4.363177007615561660e-08
3.170000000000000040e-01 4.351190090455569653e-08
3.180000000000000049e-01 4.331142392357340104e-08
3.190000000000000058e-01 4.314983913320874652e-08
3.200000000000000067e-01 4.298864653346171578e-08
3.210000000000000075e-01 4.284284612433233908e-08
3.220000000000000084e-01 4.270243790582060505e-08
3.230000000000000093e-01 4.251092187792648936e-08
3.240000000000000102e-01 4.233129804065001049e-08
3.250000000000000111e-01 4.217906639399114631e-08
3.260000000000000120e-01 4.195572693794995719e-08
3.270000000000000129e-01 4.167977967252637146e-08
3.280000000000000138e-01 4.140022459772042483e-08
3.290000000000000147e-01 4.111056171353213640e-08
3.300000000000000155e-01 4.091329101996145696e-08
3.310000000000000164e-01 4.087591251700843658e-08
3.320000000000000173e-01 4.089192620467303391e-08
3.330000000000000182e-01 4.085833208295527773e-08
3.340000000000000191e-01 4.087663015185515080e-08
3.350000000000000200e-01 4.105682041137267195e-08
3.360000000000000209e-01 4.141240286150780357e-08
3.370000000000000218e-01 4.176087750226059017e-08
3.380000000000000226e-01 4.197824433363101027e-08
3.390000000000000235e-01 4.224450335561906943e-08
3.400000000000000244e-01 4.258865456822474762e-08
3.410000000000000253e-01 4.290269797144808118e-08
3.420000000000000262e-01 4.316813356528904913e-08
3.430000000000000271e-01 4.343946134974764711e-08
3.440000000000000280e-01 4.380018132482389037e-08
3.450000000000000289e-01 4.418229349051775477e-08
3.460000000000000298e-01 4.444279784682926342e-08
3.470000000000000306e-01 4.464669439375841064e-08
3.480000000000000315e-01 4.487948313130518749e-08
3.490000000000000324e-01 4.511416405946958982e-08
3.500000000000000333e-01 4.535973717825164107e-08
3.510000000000000342e-01 4.562270248765132215e-08
3.519999999999999796e-01 4.592805998766862170e-08
3.529999999999999805e-01 4.630830967830356334e-08
3.539999999999999813e-01 4.665445155955615581e-08
3.549999999999999822e-01 4.690248563142637949e-08
3.559999999999999831e-01 4.717991189391423337e-08
3.569999999999999840e-01 4.754673034701973254e-08
3.579999999999999849e-01 4.797094099074288042e-08
3.589999999999999858e-01 4.850804382508364730e-08
3.599999999999999867e-01 4.903153885004202209e-08
3.609999999999999876e-01 4.952492606561806549e-08
3.619999999999999885e-01 4.994470547181174141e-08
3.629999999999999893e-01 5.025587706862304986e-08
3.639999999999999902e-01 5.062544085605199492e-08
3.649999999999999911e-01 5.107639683409857621e-08
3.659999999999999920e-01 5.161024500276279541e-08
3.669999999999999929e-01 5.224198536204465632e-08
3.679999999999999938e-01 5.293561791194414456e-08
3.689999999999999947e-01 5.362564265246127853e-08
3.699999999999999956e-01 5.418505958359603332e-08
3.709999999999999964e-01 5.464786870534842102e-08
3.719999999999999973e-01 5.511607001771846464e-08
3.729999999999999982e-01 5.558366352070613091e-08
3.739999999999999991e-01 5.599764921431142590e-08
3.750000000000000000e-01 5.641002709853436888e-08
3.760000000000000009e-01 5.694029717337498947e-08
3.770000000000000018e-01 5.750245943883319015e-08
3.780000000000000027e-01 5.790651389490902018e-08
3.790000000000000036e-01 5.803446054160250457e-08
3.800000000000000044e-01 5.803379937891363852e-08
3.810000000000000053e-01 5.818303040684238049e-08
3.820000000000000062e-01 5.851415362538876676e-08
3.830000000000000071e-01 5.879966903455279083e-08
3.840000000000000080e-01 5.901857663433442888e-08
3.850000000000000089e-01 5.928437642473374344e-08
3.860000000000000098e-01 5.952006840575067367e-08
3.870000000000000107e-01 5.962715257738522699e-08
3.880000000000000115e-01 5.967562893963742984e-08
3.890000000000000124e-01 5.970049749250724249e-08
3.900000000000000133e-01 5.964675823599473494e-08
3.910000000000000142e-01 5.951541117009982889e-08
3.920000000000000151e-01 5.936495629482257745e-08
3.930000000000000160e-01 5.917389361016294301e-08
3.940000000000000169e-01 5.887672311612097041e-08
3.950000000000000178e-01 5.861494481269662158e-08
3.960000000000000187e-01 5.851855869988991158e-08
3.970000000000000195e-01 5.852106477770083116e-08
3.980000000000000204e-01 5.857846304612938340e-08
3.990000000000000213e-01 5.876325350517555784e-08
4.000000000000000222e-01 5.908643615483939343e-08
4.010000000000000231e-01 5.942751099512087264e-08
4.020000000000000240e-01 5.975247802601995693e-08
4.030000000000000249e-01 6.012083724753670053e-08
4.040000000000000258e-01 6.045358865967106679e-08
4.050000000000000266e-01 6.069573226242307277e-08
4.060000000000000275e-01 6.083076805579271298e-08
4.070000000000000284e-01 6.087519603977999290e-08
4.080000000000000293e-01 6.093951621438489225e-08
4.090000000000000302e-01 6.104322857960744637e-08
4.100000000000000311e-01 6.113633313544762503e-08
4.110000000000000320e-01 6.129632988190544994e-08
4.120000000000000329e-01 6.152171881898090617e-08
4.130000000000000338e-01 6.166749994667398811e-08
4.140000000000000346e-01 6.160517326498469564e-08
4.150000000000000355e-01 6.143823877391307994e-08
4.160000000000000364e-01 6.135069647345908497e-08
4.169999999999999818e-01 6.130954636362269976e-08
4.179999999999999827e-01 6.134278844440398254e-08
4.189999999999999836e-01 6.153592271580288468e-08
4.199999999999999845e-01 6.179244917781941587e-08
4.209999999999999853e-01 6.206886783045361941e-08
4.219999999999999862e-01 6.237167867370541005e-08
4.229999999999999871e-01 6.268088170757487098e-08
4.239999999999999880e-01 6.299447693206199994e-08
4.249999999999999889e-01 6.324946434716669901e-08
4.259999999999999898e-01 6.349284395288904796e-08
4.269999999999999907e-01 6.367711574922905911e-08
4.279999999999999916e-01 6.380127973618667837e-08
4.289999999999999925e-01 6.393183591376194146e-08
4.299999999999999933e-01 6.403078428195483176e-08
4.309999999999999942e-01 6.435812484076535290e-08
4.319999999999999951e-01 6.488585759019352609e-08
4.329999999999999960e-01 6.518498253023934133e-08
4.339999999999999969e-01 6.522799966090278067e-08
4.349999999999999978e-01 6.504890898218385619e-08
4.359999999999999987e-01 6.488871049408257648e-08
4.369999999999999996e-01 6.493040419659891080e-08
4.380000000000000004e-01 6.500999008973288496e-08
4.390000000000000013e-01 6.505646817348452433e-08
4.400000000000000022e-01 6.508983844785375894e-08
4.410000000000000031e-01 6.508360091284065138e-08
4.420000000000000040e-01 6.499275556844516387e-08
4.430000000000000049e-01 6.481930241466732514e-08
4.440000000000000058e-01 6.456824145150711439e-08
4.450000000000000067e-01 6.413407267896455758e-08
4.460000000000000075e-01 6.349229609703961369e-08
4.470000000000000084e-01 6.277991170573230571e-08
4.480000000000000093e-01 6.202991950504264461e-08
4.490000000000000102e-01 6.118931949497062322e-08
4.500000000000000111e-01 6.031011167551622109e-08
4.510000000000000120e-01 5.944479604667948453e-08
4.520000000000000129e-01 5.856837260846035871e-08
4.530000000000000138e-01 5.771934136085887405e-08
4.540000000000000147e-01 5.694320230387501598e-08
4.550000000000000155e-01 5.621245543750879301e-08
4.560000000000000164e-01 5.547410076176023769e-08
4.570000000000000173e-01 5.475663827662928970e-08
4.580000000000000182e-01 5.408256798211597454e-08
4.590000000000000191e-01 5.342338987822029961e-08
4.600000000000000200e-01 5.274310396494227702e-08
4.610000000000000209e-01 5.197871024228186181e-08
4.620000000000000218e-01 5.111120871023911184e-08
4.630000000000000226e-01 5.013359936881397947e-08
4.640000000000000235e-01 4.900988221800647682e-08
4.650000000000000244e-01 4.784605725781661820e-08
4.660000000000000253e-01 4.670812448824439905e-08
4.670000000000000262e-01 4.554258390928981163e-08
4.680000000000000271e-01 4.438643552095285821e-08
4.690000000000000280e-01 4.337917932323353813e-08
4.700000000000000289e-01 4.249431531613184783e-08
4.710000000000000298e-01 4.157584349964780893e-08
4.720000000000000306e-01 4.055276387378139387e-08
4.730000000000000315e-01 3.946357643853261983e-08
4.740000000000000324e-01 3.839728119390148185e-08
4.750000000000000333e-01 3.743737813988798197e-08
4.760000000000000342e-01 3.656786727649211528e-08
4.770000000000000351e-01 3.578324860371387555e-08
4.780000000000000360e-01 3.509752212155327865e-08
4.790000000000000369e-01 3.437018783001032408e-08
4.799999999999999822e-01 3.357874572908502604e-08
4.809999999999999831e-01 3.275919581877734593e-08
4.819999999999999840e-01 3.203503809908729145e-08
4.829999999999999849e-01 3.138377257001487679e-08
4.839999999999999858e-01 3.063889923156009844e-08
4.849999999999999867e-01 2.986041808372294502e-08
4.859999999999999876e-01 2.909532912650344336e-08
4.869999999999999885e-01 2.836513235990157814e-08
4.879999999999999893e-01 2.769382778391731038e-08
4.889999999999999902e-01 2.711141539855071383e-08
4.899999999999999911e-01 2.663489520380174157e-08
4.909999999999999920e-01 2.617626719967041294e-08
4.919999999999999929e-01 2.566953138615671927e-08
4.929999999999999938e-01 2.509618776326066606e-08
4.939999999999999947e-01 2.447223633098224497e-08
4.949999999999999956e-01 2.382967708932145260e-08
4.959999999999999964e-01 2.317201003827829290e-08
4.969999999999999973e-01 2.248923517785278101e-08
4.979999999999999982e-01 2.191185250804489285e-08
4.989999999999999991e-01 2.157236202885464632e-08
5.000000000000000000e-01 2.133476374028204602e-08
5.010000000000000009e-01 2.109505764232706666e-08
5.020000000000000018e-01 2.083024373498973512e-08
5.030000000000000027e-01 2.053732201827002151e-08
5.040000000000000036e-01 2.028429249216797648e-08
5.050000000000000044e-01 2.001065515668353141e-08
5.060000000000000053e-01 1.961391001181674215e-08
5.070000000000000062e-01 1.919155705756758689e-08
5.080000000000000071e-01 1.885159629393605575e-08
5.090000000000000080e-01 1.869452772092217004e-08
5.100000000000000089e-01 1.860585133852590582e-08
5.110000000000000098e-01 1.843856714674729492e-08
5.120000000000000107e-01 1.824317514558627548e-08
5.130000000000000115e-01 1.806417533504293767e-08
5.140000000000000124e-01 1.786106771511722233e-08
5.150000000000000133e-01 1.764735228580913154e-08
5.160000000000000142e-01 1.748352904711869420e-08
5.170000000000000151e-01 1.732759799904588914e-08
5.180000000000000160e-01 1.718555914159072317e-08
5.190000000000000169e-01 1.709491247475318587e-08
5.200000000000000178e-01 1.698165799853332569e-08
5.210000000000000187e-01 1.679279571293106929e-08
5.220000000000000195e-01 1.658482561794644103e-08
5.230000000000000204e-01 1.637674771357943598e-08
5.240000000000000213e-01 1.621406199983009251e-08
5.250000000000000222e-01 1.608476847669837054e-08
5.260000000000000231e-01 1.596786714418427273e-08
5.270000000000000240e-01 1.580335800228783691e-08
5.280000000000000249e-01 1.559524105100901469e-08
5.290000000000000258e-01 1.540251629034784650e-08
5.300000000000000266e-01 1.524118372030429754e-08
5.310000000000000275e-01 1.509124334087839806e-08
5.320000000000000284e-01 1.490069515207011559e-08
5.330000000000000293e-01 1.468053915387948906e-08
5.340000000000000302e-01 1.447727534630649178e-08
5.350000000000000311e-01 1.419440372935112022e-08
5.360000000000000320e-01 1.375792430301335664e-08
5.370000000000000329e-01 1.321583706729325546e-08
5.380000000000000338e-01 1.266714202219079660e-08
5.390000000000000346e-01 1.214883916770598230e-08
5.400000000000000355e-01 1.158092850383880127e-08
5.410000000000000364e-01 1.094941003058923763e-08
5.420000000000000373e-01 1.026928374795733485e-08
5.430000000000000382e-01 9.568549655943045271e-09
5.440000000000000391e-01 8.877707754546416722e-09
5.450000000000000400e-01 8.179758043767403452e-09
5.460000000000000409e-01 7.502200523606036644e-09
5.470000000000000417e-01 6.918035194062293195e-09
5.480000000000000426e-01 6.359762055136189210e-09
5.490000000000000435e-01 5.830881106827728656e-09
5.500000000000000444e-01 5.353392349136896776e-09
5.510000000000000453e-01 4.881795782063694917e-09
5.520000000000000462e-01 4.412591405608119108e-09
5.530000000000000471e-01 3.958779219770210562e-09
5.540000000000000480e-01 3.573859224549910828e-09
5.550000000000000488e-01 3.290331419947256760e-09
5.560000000000000497e-01 2.998195805962242739e-09
5.570000000000000506e-01 2.567952382594854272e-09
5.580000000000000515e-01 2.053601149845099652e-09
5.590000000000000524e-01 1.533642107713001716e-09
5.600000000000000533e-01 1.013575256198526997e-09
5.610000000000000542e-01 5.659005953016915293e-10
5.620000000000000551e-01 2.281181250224981299e-10
5.630000000000000560e-01 -8.627215463905864086e-11
5.640000000000000568e-01 -4.382702436829950125e-10
5.650000000000000577e-01 -7.483761421092870128e-10
5.660000000000000586e-01 -8.865898499179460508e-10
5.670000000000000595e-01 -8.974113671089564115e-10
5.680000000000000604e-01 -9.693406936823862552e-10
5.690000000000000613e-01 -1.176877829638134770e-09
5.700000000000000622e-01 -1.487522774976244514e-09
5.710000000000000631e-01 -1.867275529696729872e-09
5.720000000000000639e-01 -2.252636093799571781e-09
5.730000000000000648e-01 -2.608104467284782925e-09
5.740000000000000657e-01 -2.935680650152365573e-09
5.750000000000000666e-01 -3.333864642402299066e-09
5.760000000000000675e-01 -3.747156444034586648e-09
5.769999999999999574e-01 -4.061056055049204362e-09
5.779999999999999583e-01 -4.383063475446234401e-09
5.789999999999999591e-01 -4.737178705225624569e-09
5.799999999999999600e-01 -5.050901744387385302e-09
5.809999999999999609e-01 -5.304232592931493921e-09
5.819999999999999618e-01 -5.407671250857994523e-09
5.829999999999999627e-01 -5.382217718166831513e-09
5.839999999999999636e-01 -5.367871994858044525e-09
5.849999999999999645e-01 -5.410134080931618977e-09
5.859999999999999654e-01 -5.483503976387565660e-09
5.869999999999999662e-01 -5.584481681225867369e-09
5.879999999999999671e-01 -5.668067195446539253e-09
5.889999999999999680e-01 -5.685760519049579257e-09
5.899999999999999689e-01 -5.670561652034971859e-09
5.909999999999999698e-01 -5.491470594402727336e-09
5.919999999999999707e-01 -5.043487346152858974e-09
5.929999999999999716e-01 -4.424611907285358784e-09
5.939999999999999725e-01 -3.769344277800233694e-09
5.949999999999999734e-01 -3.188684457697450751e-09
5.959999999999999742e-01 -2.673632446977026219e-09
5.969999999999999751e-01 -2.141188245638971861e-09
5.979999999999999760e-01 -1.603851853683288618e-09
5.989999999999999769e-01 -1.060623271109975354e-09
5.999999999999999778e-01 -5.185024979190003035e-10
