#F tmpPSD.dat
#S 1  power spectral density
#N 5
#L  freq[m^-1]  psd_heights[m^3]  psd_slopes[rad^3]  csd_h  csd_s
8.333333333333333703e-01 7.830590961237922513e-20 3.673061505949656680e-43 0.000000000000000000e+00 0.000000000000000000e+00
1.666666666666666741e+00 1.679131960546200757e-15 4.595793759306089502e-14 6.031558495371810436e-01 2.843455787615118413e-01
2.500000000000000000e+00 3.692545426014452991e-16 4.042662485932122905e-14 8.986518382211787781e-01 4.825206249064076247e-01
3.333333333333333481e+00 4.230736283501363809e-17 1.042197474936849550e-14 9.469630674243141311e-01 5.676993528560484448e-01
4.166666666666666963e+00 1.758870590136707637e-16 7.702989221744035289e-14 9.716019568208894563e-01 6.900246206114644121e-01
5.000000000000000000e+00 1.618735336404847679e-17 1.107743237407466556e-14 9.927853921861009567e-01 7.944422733093869926e-01
5.833333333333333037e+00 1.105910825154387106e-17 1.089852326435423969e-14 9.957538436554418393e-01 8.184131957760044651e-01
6.666666666666666963e+00 6.335141239679081429e-18 8.498126377413746109e-15 9.976442956511538673e-01 8.390018459288831609e-01
7.500000000000000000e+00 9.713910000046519403e-19 1.702058860502670551e-15 9.984373209044917763e-01 8.496287274657464694e-01
8.333333333333333925e+00 6.612692812155886597e-19 1.466552380294039720e-15 9.986144380131333209e-01 8.529029348973347080e-01
9.166666666666667851e+00 1.164888744560376466e-18 3.189747551602065132e-15 9.988125092707148545e-01 8.576917300814614897e-01
1.000000000000000000e+01 2.769617683020985665e-20 9.177379168986270789e-17 9.989418398540735877e-01 8.610506285906474044e-01
1.083333333333333393e+01 2.141154875174901347e-19 8.444416396004682521e-16 9.989680612226061740e-01 8.620065199633215602e-01
1.166666666666666785e+01 5.073208894814555250e-19 2.348432426232428063e-15 9.990462876401012826e-01 8.652585550771467737e-01
1.250000000000000178e+01 2.078714490466458767e-19 1.116125560950964194e-15 9.991238309617804791e-01 8.687735372962833713e-01
1.333333333333333393e+01 5.793894631374141874e-19 3.571681636554243920e-15 9.992091812188442779e-01 8.735070557118563839e-01
1.416666666666666785e+01 1.020916767524246686e-18 7.161621979355235032e-15 9.993826546603449268e-01 8.842495985087142074e-01
1.500000000000000178e+01 4.790427384743506721e-19 3.794186100601285699e-15 9.995452231672965482e-01 8.950818811227196914e-01
1.583333333333333570e+01 3.891909324000340962e-19 3.456397279195385951e-15 9.996393119279243233e-01 9.021791982371661911e-01
1.666666666666666430e+01 9.879767865466345209e-20 9.777847389011142142e-16 9.996921903984121727e-01 9.064922657721401489e-01
1.750000000000000000e+01 1.313969571376796850e-19 1.441159232981099517e-15 9.997171333298765505e-01 9.088365104886817480e-01
1.833333333333333215e+01 3.672195087568113601e-19 4.441322788887368931e-15 9.997711591984708157e-01 9.145122608895155381e-01
1.916666666666666430e+01 1.159195430200685524e-19 1.538988373220138779e-15 9.998235052804140821e-01 9.202465189729107653e-01
2.000000000000000000e+01 1.559102843053608483e-21 2.262835827424938361e-17 9.998362331828233307e-01 9.217380108887575085e-01
2.083333333333333215e+01 5.989373027534700728e-20 9.467160348652209970e-16 9.998428910573190498e-01 9.226626138300186852e-01
2.166666666666666785e+01 3.630890622128292685e-20 6.228827893327199812e-16 9.998533136786452724e-01 9.241578039756354057e-01
2.250000000000000000e+01 5.013762327754683173e-20 9.305181161046306114e-16 9.998626792278536568e-01 9.256351861454040764e-01
2.333333333333333215e+01 6.628649663928309050e-20 1.327003972880407012e-15 9.998752923870675158e-01 9.277780381598195181e-01
2.416666666666666785e+01 1.198521189168112709e-19 2.581015614780821191e-15 9.998954579465085812e-01 9.314758980408655020e-01
2.500000000000000000e+01 2.462145210289017681e-20 5.689206896594027538e-16 9.999111093909756054e-01 9.344457909383186989e-01
2.583333333333333215e+01 5.826043014731979040e-20 1.441038142390315973e-15 9.999200882318209915e-01 9.363359418077539242e-01
2.666666666666666785e+01 4.258650118554162053e-20 1.125060392488011002e-15 9.999310131711394156e-01 9.387435514457079799e-01
2.750000000000000000e+01 3.297389279310765957e-20 9.284870942451419154e-16 9.999391986936925214e-01 9.406658276455277523e-01
2.833333333333333570e+01 3.965338525039208831e-21 1.187799258457184179e-16 9.999432003280476211e-01 9.416446380991581044e-01
2.916666666666666785e+01 1.465235495722431126e-20 4.660509277880025464e-16 9.999452171804560363e-01 9.421907979146534329e-01
3.000000000000000000e+01 3.316289116600322794e-22 1.118133871189198619e-17 9.999468403906015546e-01 9.426362394649242527e-01
3.083333333333333570e+01 5.076519614781439790e-20 1.811413607035924297e-15 9.999523756733869062e-01 9.443354891450401745e-01
3.166666666666666785e+01 2.998430863927121563e-20 1.130548717161252906e-15 9.999611231474444528e-01 9.470719198156979379e-01
3.250000000000000000e+01 1.505622119145740156e-20 5.989964190540383571e-16 9.999660022879768295e-01 9.486769511782889852e-01
3.333333333333333570e+01 2.017025845510093096e-20 8.455416279146699929e-16 9.999698182776650679e-01 9.500154155314458615e-01
3.416666666666667140e+01 1.622605057448940003e-20 7.157880026910490024e-16 9.999737609765246837e-01 9.514599779785213318e-01
3.500000000000000711e+01 9.365777597079100416e-21 4.342346496427492113e-16 9.999765332502981163e-01 9.525225927653682145e-01
3.583333333333333570e+01 4.636055450693335336e-21 2.256448697085610727e-16 9.999780500169407338e-01 9.531317830121924795e-01
3.666666666666667140e+01 5.745076440997300324e-21 2.932110640718832948e-16 9.999791745649706520e-01 9.536105092348504675e-01
3.750000000000000000e+01 9.804893946626571846e-21 5.241665321380724200e-16 9.999808590309988698e-01 9.543641815265369033e-01
3.833333333333334281e+01 1.474584233738214097e-21 8.248843946462099135e-17 9.999820808899301250e-01 9.549231700534647205e-01
3.916666666666667140e+01 6.173880552143764778e-22 3.610387687486900795e-17 9.999823075044181886e-01 9.550324060347544775e-01
4.000000000000000711e+01 2.830993419476783461e-21 1.729020138543985094e-16 9.999826810528501531e-01 9.552248920082232475e-01
4.083333333333333570e+01 3.655727286302310106e-21 2.329760676686967304e-16 9.999833837312114282e-01 9.555985785529249599e-01
4.166666666666667140e+01 8.705852027674888127e-22 5.784317285350368560e-17 9.999838740467484888e-01 9.558662421161382428e-01
4.250000000000000711e+01 1.010841801327196111e-20 6.996318019330002704e-16 9.999850633529107080e-01 9.565630536491915858e-01
4.333333333333334281e+01 1.440073831197558920e-21 1.037464354932353900e-16 9.999863143476949157e-01 9.573015379786432577e-01
4.416666666666667140e+01 2.000537376636143567e-21 1.499019304317425654e-16 9.999866870529138252e-01 9.575345792747428364e-01
4.500000000000000000e+01 2.649469037658286905e-21 2.063356724619970513e-16 9.999871907660027315e-01 9.578617794525450257e-01
4.583333333333333570e+01 4.215935343941399368e-22 3.410037249357052741e-17 9.999875234394722812e-01 9.580825540580104605e-01
4.666666666666666430e+01 1.103190952623452616e-21 9.261295427066804301e-17 9.999876886120168118e-01 9.581988850492672016e-01
4.750000000000000711e+01 1.437854494732432779e-21 1.252012733033673037e-16 9.999879638711456353e-01 9.583988195347351580e-01
4.833333333333333570e+01 2.746696668539598947e-21 2.479158721767205087e-16 9.999884171631124863e-01 9.587412116848474941e-01
4.916666666666667140e+01 3.876341143718771555e-22 3.624533794860163441e-17 9.999887566897062152e-01 9.590018911329066809e-01
5.000000000000000000e+01 1.635018157563740821e-21 1.582833109039560327e-16 9.999889757935888079e-01 9.591803039881333648e-01
5.083333333333333570e+01 3.360027149911539522e-22 3.365830596654769927e-17 9.999891893044520197e-01 9.593563116142013181e-01
5.166666666666667140e+01 5.376120008592676060e-22 5.569524727646792089e-17 9.999892839387636290e-01 9.594382364878474290e-01
5.250000000000000711e+01 2.436216543507619598e-21 2.608767827338729501e-16 9.999896060786649388e-01 9.597284330593782720e-01
5.333333333333333570e+01 1.877781192801289696e-21 2.077365949673110300e-16 9.999900733921754936e-01 9.601578425186239052e-01
5.416666666666667140e+01 8.088415428290071557e-22 9.239855926934532788e-17 9.999903644202897679e-01 9.604327676833086525e-01
5.500000000000000000e+01 7.249381560348374505e-21 8.547290667716192432e-16 9.999912373259188803e-01 9.612998253388945757e-01
5.583333333333334281e+01 1.755577550253239524e-21 2.135363501449791314e-16 9.999922127856611942e-01 9.622768422866754268e-01
5.666666666666667140e+01 7.781423170236631369e-23 9.759775330568597953e-18 9.999924113872098452e-01 9.624809397147224832e-01
5.750000000000000711e+01 5.445119898866760222e-22 7.039273600250553701e-17 9.999924788004799225e-01 9.625541902670129435e-01
5.833333333333333570e+01 1.837929046296170822e-21 2.447964014633852588e-16 9.999927368775280989e-01 9.628421843206182995e-01
5.916666666666667140e+01 2.151397889928994196e-21 2.951036666232078593e-16 9.999931690197509937e-01 9.633353007913656452e-01
6.000000000000000711e+01 2.899603162079724670e-21 4.094462356686473924e-16 9.999937161671240693e-01 9.639784204340759999e-01
6.083333333333334281e+01 7.145160599199113293e-23 1.038261140493304448e-17 9.999940380051297595e-01 9.643614401469388087e-01
6.166666666666667140e+01 7.628370898780507438e-22 1.140247920130438565e-16 9.999941283790123592e-01 9.644749107262917676e-01
6.250000000000000711e+01 4.313953617395119135e-21 6.630663737597250838e-16 9.999946783195097222e-01 9.651833848449832276e-01
6.333333333333333570e+01 1.181786700567919584e-21 1.867154343427092741e-16 9.999952736421470201e-01 9.659575362237103890e-01
6.416666666666665719e+01 8.094962612383304194e-22 1.314211637678671435e-16 9.999954893465426986e-01 9.662471991536993876e-01
6.500000000000000000e+01 8.215957330303974436e-22 1.370161539217462191e-16 9.999956660334576863e-01 9.664915434281011741e-01
6.583333333333332860e+01 2.892897046927277341e-24 4.954129957183175066e-19 9.999957553456079173e-01 9.666166890005261081e-01
6.666666666666667140e+01 2.139057413445016168e-22 3.760443774144175709e-17 9.999957788301664374e-01 9.666513597819076375e-01
6.750000000000000000e+01 1.489579549024166932e-21 2.687370968403770276e-16 9.999959633589815544e-01 9.669300847295247969e-01
6.833333333333332860e+01 6.806453108916927691e-22 1.259796867582183975e-16 9.999961984469741827e-01 9.672890995156421257e-01
6.916666666666667140e+01 2.508270264872946124e-22 4.761475638300138053e-17 9.999962993480049356e-01 9.674469502198895787e-01
7.000000000000000000e+01 5.642901718723688085e-22 1.098328699265419656e-16 9.999963876449454725e-01 9.675900962348499279e-01
7.083333333333332860e+01 3.248682980088080874e-22 6.481535846169691162e-17 9.999964839623406432e-01 9.677488556811779663e-01
7.166666666666665719e+01 1.034876538800023903e-21 2.115831192092565856e-16 9.999966312556178849e-01 9.680000553438066202e-01
7.250000000000000000e+01 6.057143099937665123e-22 1.268721226074506612e-16 9.999968089712870656e-01 9.683075653971187080e-01
7.333333333333332860e+01 1.405094551736019793e-22 3.014370454634235129e-17 9.999968898053588351e-01 9.684501920058226077e-01
7.416666666666665719e+01 5.209984326621481877e-23 1.144483908247399360e-17 9.999969106696006138e-01 9.684879657805587350e-01
7.499999999999998579e+01 2.529295346906103238e-22 5.687836655534321726e-17 9.999969437116530413e-01 9.685500187439235464e-01
7.583333333333334281e+01 2.433011019711551465e-22 5.599645769570980322e-17 9.999969974654195903e-01 9.686525259708473889e-01
7.666666666666667140e+01 2.702247677879101662e-22 6.363668985996739173e-17 9.999970530926747259e-01 9.687611589262457024e-01
7.750000000000000000e+01 8.503337075376544841e-23 2.048505658165857854e-17 9.999970915757100398e-01 9.688375384375463861e-01
7.833333333333332860e+01 6.524793626400554718e-22 1.607613209369498996e-16 9.999971714661440858e-01 9.690020831505903320e-01
7.916666666666667140e+01 2.606271046277335592e-23 6.566066110961913425e-18 9.999972449686261866e-01 9.691539666926647367e-01
8.000000000000000000e+01 5.110029879581497369e-22 1.316091252618198949e-16 9.999973031457989325e-01 9.692793707630661393e-01
8.083333333333332860e+01 1.269492532356602157e-22 3.341778627343104900e-17 9.999973722514134966e-01 9.694291234720924244e-01
8.166666666666665719e+01 3.331217755186152664e-22 8.960775314222836561e-17 9.999974220881997500e-01 9.695407472316873720e-01
8.250000000000000000e+01 1.530497268553809139e-24 4.206125039067169822e-19 9.999974583391088023e-01 9.696224237921245992e-01
8.333333333333332860e+01 3.802514616099544906e-22 1.067435068777554982e-16 9.999974996952976092e-01 9.697196374783726425e-01
8.416666666666667140e+01 2.518472233105221007e-22 7.220120094894727202e-17 9.999975681668176186e-01 9.698819450416857890e-01
8.500000000000000000e+01 2.698231926325631096e-23 7.898428815009431429e-18 9.999975983707750649e-01 9.699545887160643254e-01
8.583333333333334281e+01 3.685969020666460729e-22 1.101505087564689377e-16 9.999976412215336730e-01 9.700616393266504600e-01
8.666666666666667140e+01 6.867878243772702471e-23 2.094844043875719775e-17 9.999976885890218270e-01 9.701805102686861249e-01
8.750000000000000000e+01 1.886020830599680955e-22 5.870733772366714511e-17 9.999977164587348089e-01 9.702527291917451002e-01
8.833333333333332860e+01 1.578866728142309030e-22 5.014553297387089872e-17 9.999977539918093461e-01 9.703514106053344745e-01
8.916666666666665719e+01 5.133583652494555651e-22 1.663312748919369276e-16 9.999978267038043267e-01 9.705476295152530852e-01
9.000000000000000000e+01 3.630582848472685799e-23 1.199839690182784650e-17 9.999978862456632145e-01 9.707092413024933641e-01
9.083333333333332860e+01 3.165776881980542661e-22 1.066962922881443068e-16 9.999979244714376492e-01 9.708167937994751640e-01
9.166666666666665719e+01 2.882010514544860738e-22 9.904138337777126144e-17 9.999979899835217401e-01 9.710031901012846633e-01
9.249999999999998579e+01 1.536890356295363471e-22 5.384525826897149651e-17 9.999980378508440682e-01 9.711416807174150234e-01
9.333333333333334281e+01 5.870247437438267209e-23 2.096414191379011437e-17 9.999980608579509544e-01 9.712094387614955693e-01
9.416666666666667140e+01 5.197284744217880551e-22 1.891678197466988817e-16 9.999981235159267623e-01 9.713997389012953843e-01
9.500000000000000000e+01 4.211168797952819800e-22 1.561919630558685161e-16 9.999982254320862740e-01 9.717124233779756981e-01
9.583333333333332860e+01 3.542030411309504517e-23 1.338536005088288495e-17 9.999982748860295478e-01 9.718659197633331415e-01
9.666666666666667140e+01 1.082006486655588726e-23 4.165498911331162587e-18 9.999982798949720308e-01 9.718818048982205138e-01
9.750000000000000000e+01 1.891086885084775006e-22 7.415609465099379180e-17 9.999983015520577112e-01 9.719526899497074046e-01
9.833333333333332860e+01 2.184713973476089179e-22 8.725053835666791482e-17 9.999983457027681322e-01 9.720987549128389249e-01
9.916666666666665719e+01 2.778033181594681137e-22 1.129770377108121114e-16 9.999983994612340332e-01 9.722799204012565477e-01
1.000000000000000000e+02 2.912229016889314458e-22 1.205867665480014205e-16 9.999984611004311130e-01 9.724912057930437115e-01
1.008333333333333286e+02 1.068895901796858467e-22 4.505822792456284764e-17 9.999985042255666867e-01 9.726410229722114442e-01
1.016666666666666714e+02 1.012479330843483793e-22 4.344438564531150046e-17 9.999985267718541904e-01 9.727210594702535573e-01
1.025000000000000000e+02 3.073873581336596875e-22 1.342417257190838637e-16 9.999985710368586300e-01 9.728817283374888714e-01
1.033333333333333428e+02 1.745484461564907721e-22 7.757427977803574418e-17 9.999986232420644550e-01 9.730732237701127385e-01
1.041666666666666714e+02 3.184889641004917744e-23 1.440268827570131900e-17 9.999986455998459700e-01 9.731563651919020730e-01
1.050000000000000000e+02 1.035988938638386741e-22 4.766502213451349727e-17 9.999986602720892792e-01 9.732124665032015898e-01
1.058333333333333286e+02 2.923607654768777230e-22 1.368384952878797702e-16 9.999987031640130697e-01 9.733792151105974400e-01
1.066666666666666714e+02 1.079301528791339450e-22 5.138382289862428814e-17 9.999987465251142238e-01 9.735492952259747756e-01
1.075000000000000000e+02 2.275653101800079846e-23 1.101881446345817418e-17 9.999987606816143071e-01 9.736056764961720233e-01
1.083333333333333286e+02 8.291512127554830630e-23 4.082811814219125343e-17 9.999987721283865039e-01 9.736525181215101021e-01
1.091666666666666572e+02 2.511885160256150388e-22 1.257693060920643741e-16 9.999988083198164679e-01 9.738030169643258072e-01
1.099999999999999858e+02 1.155402434407214206e-22 5.881805878701078171e-17 9.999988480453272377e-01 9.739697401927804865e-01
1.108333333333333428e+02 6.122648720746709792e-23 3.168643147644169558e-17 9.999988671933985884e-01 9.740514753444770024e-01
1.116666666666666714e+02 3.252729340835131136e-22 1.711170667989795635e-16 9.999989090605432285e-01 9.742346035093830681e-01
1.125000000000000000e+02 5.496088078977418094e-23 2.938773300508904078e-17 9.999989502489707860e-01 9.744156221545265950e-01
1.133333333333333286e+02 1.013101637169743480e-22 5.505398405312470219e-17 9.999989671768667598e-01 9.744918473004342552e-01
1.141666666666666714e+02 4.989835585042886070e-23 2.755512364920366242e-17 9.999989835563696250e-01 9.745664123891596420e-01
1.150000000000000000e+02 2.866468404149466247e-23 1.608427350924724615e-17 9.999989920666276788e-01 9.746058001198482090e-01
1.158333333333333286e+02 6.536907714368556653e-23 3.726690028451890339e-17 9.999990022527353029e-01 9.746539512729720522e-01
1.166666666666666572e+02 1.712550815760520729e-22 9.918595000404475363e-17 9.999990278847958880e-01 9.747770935450897900e-01
1.175000000000000000e+02 8.724078008525100603e-23 5.132651956573902178e-17 9.999990558860848422e-01 9.749129059207973791e-01
1.183333333333333286e+02 4.434191548598417964e-23 2.649798048571703524e-17 9.999990701396397341e-01 9.749831221193622222e-01
1.191666666666666714e+02 1.367851688603182181e-23 8.301842540003546392e-18 9.999990764246411423e-01 9.750145181958322915e-01
1.200000000000000000e+02 1.082045641973122254e-22 6.669295295075471783e-17 9.999990896274955077e-01 9.750821743657182017e-01
1.208333333333333428e+02 5.510948014584822780e-23 3.449228066390933446e-17 9.999991073183145396e-01 9.751734506659514023e-01
1.216666666666666714e+02 2.602733840202943153e-22 1.654053420052945635e-16 9.999991414818245605e-01 9.753537474778558591e-01
1.225000000000000000e+02 7.713990803911308063e-23 4.977217283258109793e-17 9.999991780317558643e-01 9.755477886839403201e-01
1.233333333333333286e+02 3.726236925662320366e-23 2.440786386579489983e-17 9.999991904242587770e-01 9.756146732695117896e-01
1.241666666666666714e+02 2.295328903863169113e-23 1.526232632399871275e-17 9.999991969470549691e-01 9.756504400979389979e-01
1.250000000000000000e+02 1.523736202154329159e-23 1.028412464629381443e-17 9.999992010840159651e-01 9.756734722031937812e-01
1.258333333333333286e+02 5.578407225152651670e-23 3.821336437464154345e-17 9.999992087773359462e-01 9.757171949520700993e-01
1.266666666666666572e+02 4.439327200072662095e-23 3.086285115051631559e-17 9.999992196289381186e-01 9.757794670004704685e-01
1.274999999999999858e+02 3.571544454356277569e-23 2.519739318449459154e-17 9.999992283066279075e-01 9.758300022597541368e-01
1.283333333333333428e+02 1.439547502848580272e-23 1.030560679694753554e-17 9.999992337348387883e-01 9.758620049285821052e-01
1.291666666666666856e+02 1.159338343521336652e-22 8.421193326171966638e-17 9.999992478526197326e-01 9.759471986279766309e-01
1.300000000000000284e+02 2.780890043707045919e-22 2.049422383627933680e-16 9.999992905347143690e-01 9.762077825388165708e-01
1.308333333333333428e+02 5.996066907825043614e-23 4.482983955949037366e-17 9.999993271535754236e-01 9.764328195753221307e-01
1.316666666666666856e+02 3.019072715988297236e-23 2.289795285903620693e-17 9.999993369191265691e-01 9.764938313161295458e-01
1.325000000000000284e+02 5.871702541110333304e-23 4.517303608903549409e-17 9.999993465499613654e-01 9.765551483804474353e-01
1.333333333333333428e+02 7.746078312253851971e-24 6.044487862770381086e-18 9.999993537495039941e-01 9.766012816229344695e-01
1.341666666666666856e+02 4.761753834253395136e-23 3.768579244913451537e-17 9.999993597467070616e-01 9.766406691438309640e-01
1.350000000000000000e+02 7.698954521883334537e-23 6.179405401453693552e-17 9.999993732446321726e-01 9.767302639458297353e-01
1.358333333333333428e+02 3.877260389439744799e-24 3.155845236635422892e-18 9.999993820044399406e-01 9.767887555142034106e-01
1.366666666666666856e+02 5.337870984365289436e-23 4.405615561045654504e-17 9.999993882066298134e-01 9.768312707641282344e-01
1.375000000000000284e+02 5.803851474086879781e-23 4.857077492320699350e-17 9.999994002757777167e-01 9.769146775932526783e-01
1.383333333333333428e+02 1.232732085455471434e-22 1.045973052622802822e-16 9.999994199161698072e-01 9.770525836735722836e-01
1.391666666666666856e+02 6.897720299813887111e-23 5.933673855355597329e-17 9.999994407414828368e-01 9.772001614117429291e-01
1.400000000000000000e+02 2.081671751234424460e-22 1.815391418273637904e-16 9.999994707628399038e-01 9.774169637910977704e-01
1.408333333333333428e+02 1.268251729061509468e-23 1.121185480617471396e-17 9.999994946861371359e-01 9.775904163294344418e-01
1.416666666666666856e+02 5.962418116857198004e-23 5.342971083512824113e-17 9.999995025186796394e-01 9.776485790141916654e-01
1.425000000000000000e+02 2.490947947150378415e-23 2.262498207159026779e-17 9.999995116756941194e-01 9.777170064834853624e-01
1.433333333333333712e+02 4.067625554729739277e-24 3.744578414687547899e-18 9.999995148146066937e-01 9.777407304272501820e-01
1.441666666666666856e+02 2.484376283266216984e-23 2.317892291541911520e-17 9.999995179464005179e-01 9.777649521419515821e-01
1.450000000000000284e+02 4.365780354629354195e-24 4.127884888617097847e-18 9.999995211104917292e-01 9.777895180852409496e-01
1.458333333333333428e+02 1.811252714757129107e-23 1.735444883316386863e-17 9.999995235454294251e-01 9.778088437402651101e-01
1.466666666666666856e+02 2.854888836079426055e-23 2.771811357247024089e-17 9.999995285999750960e-01 9.778493900857504473e-01
1.475000000000000000e+02 9.441032770048608946e-23 9.287816379342574791e-17 9.999995419193945523e-01 9.779578677379761054e-01
1.483333333333333428e+02 9.431625911812476715e-24 9.401077363930523575e-18 9.999995531679577443e-01 9.780498595894372427e-01
1.491666666666666572e+02 4.457313201861405973e-23 4.501308571450884446e-17 9.999995590179625582e-01 9.780987971736548880e-01
1.500000000000000284e+02 9.441202819616016135e-23 9.659296437964077398e-17 9.999995740733742533e-01 9.782261396370183215e-01
1.508333333333333712e+02 6.365362099054254869e-24 6.597389084556720089e-18 9.999995849899718792e-01 9.783189254704972582e-01
1.516666666666666856e+02 2.083771370796887828e-23 2.187804290239755822e-17 9.999995879367143958e-01 9.783445282205579518e-01
1.525000000000000284e+02 4.627041929118901552e-23 4.920963838091199943e-17 9.999995952061274673e-01 9.784084414519840234e-01
1.533333333333333428e+02 2.027712036107771136e-23 2.184341717165488326e-17 9.999996024148148921e-01 9.784723193805203723e-01
1.541666666666666856e+02 4.737899349423503929e-23 5.169484359015544280e-17 9.999996097435872588e-01 9.785384271604110618e-01
1.550000000000000000e+02 7.387847786514586569e-23 8.164061369266737102e-17 9.999996228786660613e-01 9.786582786972353176e-01
1.558333333333333428e+02 8.470132308733300233e-24 9.479503060010593073e-18 9.999996317989863215e-01 9.787401755957700900e-01
1.566666666666666572e+02 9.942857275731078871e-23 1.126922520507441846e-16 9.999996434869917739e-01 9.788499703197983681e-01
1.575000000000000284e+02 1.828621947896661175e-24 2.098818892912999095e-18 9.999996544555628253e-01 9.789531208646854443e-01
1.583333333333333428e+02 3.132643319353697202e-23 3.640920219936180404e-17 9.999996580470466023e-01 9.789877214992670496e-01
1.591666666666666856e+02 2.467671743756211793e-23 2.904143356394443173e-17 9.999996641135243669e-01 9.790465280915956470e-01
1.600000000000000284e+02 3.066535536720332063e-23 3.654186097872207659e-17 9.999996701083918582e-01 9.791054503334473136e-01
1.608333333333333428e+02 5.492157321794227981e-25 6.626427414746875311e-19 9.999996734896748896e-01 9.791388745370265267e-01
1.616666666666666856e+02 3.174961322657577260e-23 3.878384126293552882e-17 9.999996769884088588e-01 9.791743116701141503e-01
1.625000000000000000e+02 4.440134611715888190e-24 5.491193871159813760e-18 9.999996809086223459e-01 9.792140850516088957e-01
1.633333333333333428e+02 1.675263244263084564e-23 2.097464279915062236e-17 9.999996832043047679e-01 9.792378592092015888e-01
1.641666666666666856e+02 8.371378910729886805e-24 1.061041225842338662e-17 9.999996859258347692e-01 9.792662311852162738e-01
1.650000000000000284e+02 1.941356207688085715e-23 2.490848762185561707e-17 9.999996889356069785e-01 9.792981358426391392e-01
1.658333333333333428e+02 1.436191831168279160e-24 1.865283427194582581e-18 9.999996911941329003e-01 9.793221845489146204e-01
1.666666666666666856e+02 1.372180380310922456e-23 1.803920769785707914e-17 9.999996928361055692e-01 9.793400627556578808e-01
1.675000000000000284e+02 4.619534306864523134e-23 6.146985574873312123e-17 9.999996993265625189e-01 9.794114745122807220e-01
1.683333333333333428e+02 7.153359532576600850e-25 9.634205494956380771e-19 9.999997044081084807e-01 9.794675458528727674e-01
1.691666666666666856e+02 1.456891059091110489e-23 1.985908039955091164e-17 9.999997060637570989e-01 9.794862458322404208e-01
1.700000000000000000e+02 5.125116973935002700e-23 7.070443022252932774e-17 9.999997131936424477e-01 9.795675736858718841e-01
1.708333333333333712e+02 3.523372999817038663e-23 4.919229366966168833e-17 9.999997225620206320e-01 9.796752329691276184e-01
1.716666666666666856e+02 2.379066934003133014e-23 3.361443101348528512e-17 9.999997289557714941e-01 9.797495809934038125e-01
1.725000000000000284e+02 6.347386916890350250e-24 9.075697294109123978e-18 9.999997322204422501e-01 9.797879081244948996e-01
1.733333333333333428e+02 1.034852554488047813e-23 1.497321049356128500e-17 9.999997340290077696e-01 9.798094985364896869e-01
1.741666666666666856e+02 3.929959017135916856e-24 5.753890840630010105e-18 9.999997355757083151e-01 9.798281063452711770e-01
1.750000000000000000e+02 8.564400466400486924e-24 1.268801386241074193e-17 9.999997369291456772e-01 9.798446623157914814e-01
1.758333333333333428e+02 2.342119654954595337e-23 3.510871964611357256e-17 9.999997403939488994e-01 9.798875698848773519e-01
1.766666666666666856e+02 1.583975882593427379e-23 2.402426340348845905e-17 9.999997446468471551e-01 9.799406515098906256e-01
1.775000000000000000e+02 1.603949356814621585e-24 2.461355530179433177e-18 9.999997465364169891e-01 9.799644257977565553e-01
1.783333333333333712e+02 2.166254791409894396e-23 3.363273647948874408e-17 9.999997490567337222e-01 9.799968240113822171e-01
1.791666666666666856e+02 2.837739539541221066e-24 4.457395438127575904e-18 9.999997517106993250e-01 9.800310127175783093e-01
1.800000000000000284e+02 1.852808705742959062e-23 2.944302168786299131e-17 9.999997540251281958e-01 9.800614398422708984e-01
1.808333333333333428e+02 2.755943783288405744e-23 4.430499734119190905e-17 9.999997590175067064e-01 9.801276286906466240e-01
1.816666666666666856e+02 5.860887307410723125e-24 9.531558025082117411e-18 9.999997626377252757e-01 9.801759441776881632e-01
1.825000000000000000e+02 1.172956624278566139e-23 1.929693973232829660e-17 9.999997645431909499e-01 9.802018152645406435e-01
1.833333333333333428e+02 1.302842122313108425e-23 2.168164535029470016e-17 9.999997672250715564e-01 9.802385888302642680e-01
1.841666666666666572e+02 5.153951248594493893e-24 8.676066962980440530e-18 9.999997691946563849e-01 9.802658304950219170e-01
1.850000000000000284e+02 1.777566530160604064e-23 3.026766901698447349e-17 9.999997716784807533e-01 9.803007757681944101e-01
1.858333333333333712e+02 2.284519606438989036e-23 3.934658934164771149e-17 9.999997760786890622e-01 9.803632394315776599e-01
1.866666666666666856e+02 7.079427189218020490e-24 1.233270006161038092e-17 9.999997793202397567e-01 9.804096077854168589e-01
1.875000000000000284e+02 3.378664377555223122e-23 5.953082362878220604e-17 9.999997837470100404e-01 9.804740824516506859e-01
1.883333333333333428e+02 8.302396179536626413e-24 1.479538278148821754e-17 9.999997883062570203e-01 9.805407621328169343e-01
1.891666666666666856e+02 6.682854509301146791e-24 1.204481071875097447e-17 9.999997899295171022e-01 9.805648399487933986e-01
1.900000000000000000e+02 7.990369009080490061e-23 1.456496744791846819e-16 9.999997993089051462e-01 9.807062926672652781e-01
1.908333333333333428e+02 9.237951129437275869e-24 1.702992430309091352e-17 9.999998089650713462e-01 9.808521956798271768e-01
1.916666666666666856e+02 1.227393471743435251e-23 2.288258500094314317e-17 9.999998112953215612e-01 9.808879888341709430e-01
1.925000000000000284e+02 9.814546501041306166e-24 1.850400549285055277e-17 9.999998136880309252e-01 9.809251025510350441e-01
1.933333333333333428e+02 2.730795940651487822e-24 5.206539750765897117e-18 9.999998150469908698e-01 9.809463645170073409e-01
1.941666666666666856e+02 2.666861483410841978e-24 5.141800131265246551e-18 9.999998156316858289e-01 9.809556440431830282e-01
1.950000000000000284e+02 3.346767613581722822e-23 6.525076625480550431e-17 9.999998195459179895e-01 9.810187638832282842e-01
1.958333333333333428e+02 3.786843126146260574e-24 7.465749303252751541e-18 9.999998235814709924e-01 9.810839633054836417e-01
1.966666666666666856e+02 7.214547452413592759e-24 1.438242382889586826e-17 9.999998247731840539e-01 9.811035520701678614e-01
1.975000000000000000e+02 3.990067307544330095e-24 8.043057013802003786e-18 9.999998259869110617e-01 9.811236580340837454e-01
1.983333333333333428e+02 4.693329902123287139e-23 9.566016959968573398e-17 9.999998315031262131e-01 9.812166296496357409e-01
1.991666666666666856e+02 3.027596964143258907e-23 6.239483319973119136e-17 9.999998398667312438e-01 9.813583115672176449e-01
2.000000000000000284e+02 1.028923980517375621e-23 2.144005453219996970e-17 9.999998442609108196e-01 9.814334536084547977e-01
2.008333333333333428e+02 1.222502871879080368e-23 2.575586861376936354e-17 9.999998466997429558e-01 9.814757532514398752e-01
2.016666666666666856e+02 4.062969997662278666e-24 8.654569923921529544e-18 9.999998484641217100e-01 9.815065926743297142e-01
2.025000000000000284e+02 5.300444520183137459e-24 1.141515297778546636e-17 9.999998494784029246e-01 9.815245791721326496e-01
2.033333333333333428e+02 1.294970106866330592e-23 2.819609170050773533e-17 9.999998514553286588e-01 9.815600778263671167e-01
2.041666666666666856e+02 6.016437147984561202e-24 1.324404354654458464e-17 9.999998535098137964e-01 9.815972141147208951e-01
2.050000000000000000e+02 9.491882474712178704e-25 2.112409365003893833e-18 9.999998542643571131e-01 9.816109753361809132e-01
2.058333333333333712e+02 3.496701581276472665e-23 7.867222665562654384e-17 9.999998581549385257e-01 9.816833648711392746e-01
2.066666666666666856e+02 1.387505703524324941e-23 3.155931484561823997e-17 9.999998634456997992e-01 9.817821325926940901e-01
2.075000000000000284e+02 1.023670866227247801e-23 2.353834786644287071e-17 9.999998660575789566e-01 9.818314965044167009e-01
2.083333333333333428e+02 1.668423528009328287e-23 3.878268395070277646e-17 9.999998689737591429e-01 9.818873290925568265e-01
2.091666666666666856e+02 1.469594966830462115e-23 3.453332213806129519e-17 9.999998723729813799e-01 9.819530078686421470e-01
2.100000000000000000e+02 2.380906875696067969e-24 5.655690512482991868e-18 9.999998742228121129e-01 9.819890085817897241e-01
2.108333333333333428e+02 3.835580483821935406e-24 9.210227795815439432e-18 9.999998748962058981e-01 9.820023249134586241e-01
2.116666666666666856e+02 8.277800792250148095e-25 2.009296159899384339e-18 9.999998754013591507e-01 9.820123748223568150e-01
2.125000000000000284e+02 3.161719362191568586e-24 7.757750836288968692e-18 9.999998758335170157e-01 9.820211235886493473e-01
2.133333333333333712e+02 1.926992810710718409e-23 4.779363731097252188e-17 9.999998782633993111e-01 9.820708818866275003e-01
2.141666666666666856e+02 5.367811468808648767e-24 1.345732758142386346e-17 9.999998809322540039e-01 9.821257424676576031e-01
2.150000000000000284e+02 7.702826145794378675e-24 1.951989556346732526e-17 9.999998823481157650e-01 9.821552778699969011e-01
2.158333333333333428e+02 1.101741022651395093e-23 2.822065709967719817e-17 9.999998843759637657e-01 9.821980341849467777e-01
2.166666666666666856e+02 1.402210838918181862e-23 3.630409821064511971e-17 9.999998870883407553e-01 9.822558194305628376e-01
2.175000000000000000e+02 3.615239540942907807e-25 9.460820632392783297e-19 9.999998886464310788e-01 9.822891773401336568e-01
2.183333333333333428e+02 9.678597060288275987e-24 2.560049370629673282e-17 9.999998897340154347e-01 9.823129493733502304e-01
2.191666666666666572e+02 7.058712023321044192e-24 1.887124435976512673e-17 9.999998915470651450e-01 9.823527718131100928e-01
2.200000000000000284e+02 1.386624875274969194e-23 3.746867055286480305e-17 9.999998938137373283e-01 9.824032193531481161e-01
2.208333333333333712e+02 9.067028901606267294e-24 2.476302732914373611e-17 9.999998962979580464e-01 9.824589394663547637e-01
2.216666666666666856e+02 5.505509724321669181e-24 1.519711199945066712e-17 9.999998978765114455e-01 9.824947167291138150e-01
2.225000000000000284e+02 6.080708512578974326e-24 1.696438021656589126e-17 9.999998991315750541e-01 9.825235107314935767e-01
2.233333333333333428e+02 3.626451247726482424e-24 1.022542956734004629e-17 9.999999001830920387e-01 9.825478529564243280e-01
2.241666666666666856e+02 6.960440264256901981e-24 1.983572566772663711e-17 9.999999013299046835e-01 9.825747651092699986e-01
2.250000000000000000e+02 4.822192946470572214e-25 1.388876157670676590e-18 9.999999021361221097e-01 9.825937659220731479e-01
2.258333333333333428e+02 1.669193460242887636e-23 4.858801931447598770e-17 9.999999039964925229e-01 9.826385050810900745e-01
2.266666666666666856e+02 1.767721865719931814e-24 5.200393354198433227e-18 9.999999059961133252e-01 9.826866540224720170e-01
2.275000000000000284e+02 1.452053854108244195e-23 4.317188527971012766e-17 9.999999077605202791e-01 9.827299526722172995e-01
2.283333333333333428e+02 4.893238135058432004e-24 1.470303847093279904e-17 9.999999098634950734e-01 9.827817547554704714e-01
2.291666666666666856e+02 2.508281379378229081e-23 7.616860470767185665e-17 9.999999131106163119e-01 9.828630856893594281e-01
2.300000000000000284e+02 8.686966282605161854e-24 2.665959632735557419e-17 9.999999167686884904e-01 9.829551097337101417e-01
2.308333333333333428e+02 1.211671526274629630e-23 3.757965911833068618e-17 9.999999190222232937e-01 9.830125950000716539e-01
2.316666666666666856e+02 6.889403690592065976e-24 2.159379684647309525e-17 9.999999210810390782e-01 9.830655441008435691e-01
2.325000000000000000e+02 2.208184989124070593e-24 6.994543046773590527e-18 9.999999220665246602e-01 9.830911242601606537e-01
2.333333333333333712e+02 1.015786528323603655e-24 3.251622051344798647e-18 9.999999224157576361e-01 9.831002921203643163e-01
2.341666666666666856e+02 1.771915289576297956e-24 5.732071696505295940e-18 9.999999227177321925e-01 9.831083303011733943e-01
2.350000000000000284e+02 4.961096137139365815e-25 1.621865388771689059e-18 9.999999229634134457e-01 9.831149102045110277e-01
2.358333333333333428e+02 6.425385288164810590e-24 2.122767488827252815e-17 9.999999237131763641e-01 9.831353544506620246e-01
2.366666666666666856e+02 2.847762870006199905e-24 9.507599501257636511e-18 9.999999247176794004e-01 9.831628536557435183e-01
2.375000000000000284e+02 7.142657015924010364e-24 2.409841587882613267e-17 9.999999257998800628e-01 9.831929204657091637e-01
2.383333333333333428e+02 8.033843734634983393e-24 2.739123969539213588e-17 9.999999274438567953e-01 9.832389857232139985e-01
2.391666666666666856e+02 1.733027124118056600e-23 5.971059118077577184e-17 9.999999301913951033e-01 9.833169065260369823e-01
2.400000000000000000e+02 3.306738166698466355e-25 1.151335090279714932e-18 9.999999321044964473e-01 9.833713495949210071e-01
2.408333333333333712e+02 1.103571295939236964e-24 3.882903493537227168e-18 9.999999322598593920e-01 9.833758527580681585e-01
2.416666666666666856e+02 2.976871664861122668e-24 1.058446842803082386e-17 9.999999327018685991e-01 9.833887938130360107e-01
2.425000000000000284e+02 1.984204945120226188e-24 7.129298564425830476e-18 9.999999332392713880e-01 9.834046385344217267e-01
2.433333333333333428e+02 6.007201501257652827e-24 2.181134928235253990e-17 9.999999341049312651e-01 9.834305249973438467e-01
2.441666666666666856e+02 8.685240730449121324e-24 3.186699395204074351e-17 9.999999356964730524e-01 9.834785367157793390e-01
2.450000000000000000e+02 1.937360226790201493e-23 7.183192323003191102e-17 9.999999387359145286e-01 9.835712818835078419e-01
2.458333333333333428e+02 1.148859608964610759e-25 4.304483527906281025e-19 9.999999408469824047e-01 9.836359059877995970e-01
2.466666666666666856e+02 6.104137907380205282e-24 2.311131316766110663e-17 9.999999415206509701e-01 9.836569584243888276e-01
2.475000000000000284e+02 5.052870423373683655e-24 1.933232065472041406e-17 9.999999427292209919e-01 9.836949128955879695e-01
2.483333333333333712e+02 4.594201132839783175e-24 1.776236734343267767e-17 9.999999437742287389e-01 9.837280829671153359e-01
2.491666666666666856e+02 5.014255766440452277e-24 1.959033828441628324e-17 9.999999448150537207e-01 9.837614826279065250e-01
2.500000000000000284e+02 6.004193372493201370e-24 2.370469946772034732e-17 9.999999460086143044e-01 9.838001943237005831e-01
2.508333333333333428e+02 3.441336786032047391e-24 1.372938659929178817e-17 9.999999470317904038e-01 9.838336642977791868e-01
2.516666666666666856e+02 2.289404787861943961e-23 9.229765936232376291e-17 9.999999498845403290e-01 9.839284573470907791e-01
2.525000000000000000e+02 3.584159208721102008e-24 1.460157254331400703e-17 9.999999527527612120e-01 9.840240209261058579e-01
2.533333333333333428e+02 8.002309269537238075e-24 3.294368099150894450e-17 9.999999540078521321e-01 9.840665214733301802e-01
2.541666666666666572e+02 4.741781366531789086e-24 1.972618556640316403e-17 9.999999553883408554e-01 9.841136007525735918e-01
2.550000000000000000e+02 1.569729245170607697e-24 6.598900821774364258e-18 9.999999560720278513e-01 9.841371307463437912e-01
2.558333333333333428e+02 7.788379814679784865e-26 3.308566196756064286e-19 9.999999562505036410e-01 9.841433246362565335e-01
2.566666666666666288e+02 3.205492977521465137e-24 1.376049653728251033e-17 9.999999566061716916e-01 9.841559195153358752e-01
2.575000000000000000e+02 6.420490629868561055e-24 2.785190481699966004e-17 9.999999576488950437e-01 9.841931118204901852e-01
2.583333333333333712e+02 4.121443750834553751e-24 1.806693317744747964e-17 9.999999587908378063e-01 9.842341514986773232e-01
2.591666666666666856e+02 8.829927215028372637e-24 3.911484833237399048e-17 9.999999601937800131e-01 9.842852549709695253e-01
2.600000000000000000e+02 3.073262587171974008e-27 1.375735286926723761e-20 9.999999611506044106e-01 9.843202227550598149e-01
2.608333333333333144e+02 4.939813311501333922e-24 2.234589559824362678e-17 9.999999616860369978e-01 9.843402041901139210e-01
2.616666666666666856e+02 4.356074618706419638e-24 1.991296944108831494e-17 9.999999626930031749e-01 9.843779672091649280e-01
2.625000000000000000e+02 4.111317107681478240e-24 1.899226543220474620e-17 9.999999636102234746e-01 9.844127321040931911e-01
2.633333333333333144e+02 6.821591034681278295e-24 3.184478138185000113e-17 9.999999647945179149e-01 9.844581571635923067e-01
2.641666666666666856e+02 5.411757676974275535e-24 2.552992710492254248e-17 9.999999661196812273e-01 9.845094213838031516e-01
2.650000000000000000e+02 5.908786810816456482e-24 2.816891790720836718e-17 9.999999673459660787e-01 9.845573988070409621e-01
2.658333333333333144e+02 1.824191813008270445e-24 8.788303618331285406e-18 9.999999681836319043e-01 9.845904170093169316e-01
2.666666666666666288e+02 9.207702436455902526e-24 4.482814382848677373e-17 9.999999693786489896e-01 9.846383168754173631e-01
2.675000000000000000e+02 1.021638818567466970e-24 5.026482194089437875e-18 9.999999704867306161e-01 9.846828539145948689e-01
2.683333333333333144e+02 2.967259070279586178e-24 1.475339561052395676e-17 9.999999709188233110e-01 9.847005234758167136e-01
2.691666666666666288e+02 6.458877867086583775e-25 3.245383027398660628e-18 9.999999713102132315e-01 9.847166016879500550e-01
2.699999999999999432e+02 8.789934466587053863e-25 4.463439228030267098e-18 9.999999714753942115e-01 9.847234878571052841e-01
2.708333333333333144e+02 4.035830453494976297e-25 2.071070419308728268e-18 9.999999716143277428e-01 9.847293249936466264e-01
2.716666666666666856e+02 1.624556001622870107e-24 8.425149107050779777e-18 9.999999718340235599e-01 9.847387009677576186e-01
2.725000000000000000e+02 1.301054601140801437e-24 6.819028561558208798e-18 9.999999721509370554e-01 9.847523179987434094e-01
2.733333333333333712e+02 1.969143114680783196e-24 1.043017504925311461e-17 9.999999725051773591e-01 9.847677258143491263e-01
2.741666666666666856e+02 1.190643528965699703e-24 6.373629046331279523e-18 9.999999728474576743e-01 9.847827355459426446e-01
2.750000000000000000e+02 2.446095784541063393e-25 1.323343872402027468e-18 9.999999730029296430e-01 9.847896106685775086e-01
2.758333333333333144e+02 4.841045766883660120e-25 2.646892530068238780e-18 9.999999730818668331e-01 9.847931569611287905e-01
2.766666666666666856e+02 8.306855642630379143e-25 4.590240361981891258e-18 9.999999732242897954e-01 9.847996212764544843e-01
2.775000000000000000e+02 3.659232038775493640e-25 2.043592341203206751e-18 9.999999733539111091e-01 9.848055466777557720e-01
2.783333333333333144e+02 3.377763925680308943e-25 1.906528068674205629e-18 9.999999734301385779e-01 9.848090749452477199e-01
2.791666666666666288e+02 2.874280600982268325e-24 1.639671479498837081e-17 9.999999737780808085e-01 9.848254233291939830e-01
2.800000000000000000e+02 2.894544008625350151e-25 1.668883085658782882e-18 9.999999741207887816e-01 9.848415591834628335e-01
2.808333333333333144e+02 4.170953678840544378e-25 2.430544873559284743e-18 9.999999741973248923e-01 9.848452206790703212e-01
2.816666666666666288e+02 1.480474637992888490e-24 8.719595694503511631e-18 9.999999744028770232e-01 9.848551796071950415e-01
2.825000000000000000e+02 7.577214001865549190e-25 4.510625220079429636e-18 9.999999746453270832e-01 9.848669962620387741e-01
2.833333333333333144e+02 6.501797166829414568e-25 3.911985833406879121e-18 9.999999747978363107e-01 9.848745188961027797e-01
2.841666666666666288e+02 3.999758196950709718e-25 2.432423822615143808e-18 9.999999749115930925e-01 9.848801853518278637e-01
2.849999999999999432e+02 1.798716896820154500e-24 1.105643473882947415e-17 9.999999751497640199e-01 9.848922327032143542e-01
2.858333333333333712e+02 3.255693772019495436e-24 2.022776447769976419e-17 9.999999756972770548e-01 9.849201731021796080e-01
2.866666666666666856e+02 1.482293245454460528e-25 9.308847624688825352e-19 9.999999760660029935e-01 9.849390697675797224e-01
2.875000000000000000e+02 9.537122883602106519e-26 6.053996536566553990e-19 9.999999760923908854e-01 9.849404418000541339e-01
2.883333333333333144e+02 7.079892236566950614e-25 4.542763436895820220e-18 9.999999761794138298e-01 9.849450395330402452e-01
2.891666666666666856e+02 5.995968531015264112e-24 3.888904985444840868e-17 9.999999769056123755e-01 9.849838268595589863e-01
2.900000000000000000e+02 3.331884975041900116e-24 2.184431711598329413e-17 9.999999779160411162e-01 9.850380629948357614e-01
2.908333333333333144e+02 1.081426196055261267e-27 7.166910123482005421e-21 9.999999782770807588e-01 9.850575760852147145e-01
2.916666666666666856e+02 9.637146792095087714e-26 6.456191547182088214e-19 9.999999782876373144e-01 9.850581590087147399e-01
2.925000000000000000e+02 3.261979993499313911e-24 2.209064981752449681e-17 9.999999786514268685e-01 9.850784617781803698e-01
2.933333333333333144e+02 1.468599903904939600e-24 1.005394513593456031e-17 9.999999791638612967e-01 9.851071651713539934e-01
2.941666666666666288e+02 7.713366486809141785e-25 5.338134336430322465e-18 9.999999794064998726e-01 9.851209091737613832e-01
2.950000000000000000e+02 1.423003155546864748e-24 9.955676126117848662e-18 9.999999796441991773e-01 9.851345652392071717e-01
2.958333333333333144e+02 1.073583454540137750e-24 7.593238976373011916e-18 9.999999799146389590e-01 9.851502346871067184e-01
2.966666666666666288e+02 2.426044346266759063e-25 1.734696504460934923e-18 9.999999800572136888e-01 9.851585635107353855e-01
2.974999999999999432e+02 4.507909241704473130e-24 3.258672690424214996e-17 9.999999805718073898e-01 9.851892081725243111e-01
2.983333333333333144e+02 1.244738371069000984e-25 9.096868483274818067e-19 9.999999810736048822e-01 9.852191152866278667e-01
2.991666666666666856e+02 6.476022492739559809e-25 4.784957162218669260e-18 9.999999811572390929e-01 9.852241996322255169e-01
3.000000000000000000e+02 1.909499764618056849e-24 1.426438141391013486e-17 9.999999814342341864e-01 9.852412072510816632e-01
3.008333333333333712e+02 1.200251033312827016e-24 9.065191178978945294e-18 9.999999817710943928e-01 9.852620359459168808e-01
3.016666666666666856e+02 1.272756720347801006e-24 9.719186093765861249e-18 9.999999820389799954e-01 9.852788063601609636e-01
3.025000000000000000e+02 1.555239329760073892e-24 1.200796966818936801e-17 9.999999823453195047e-01 9.852982036874993188e-01
3.033333333333333144e+02 1.267831715479292411e-24 9.897607094127217614e-18 9.999999826511252188e-01 9.853177599169652412e-01
3.041666666666666856e+02 1.617945107871132840e-24 1.277136101597186670e-17 9.999999829637237214e-01 9.853379972562943401e-01
3.050000000000000000e+02 3.299588451502115030e-24 2.633581062063833810e-17 9.999999834964097278e-01 9.853729085478635241e-01
3.058333333333333144e+02 1.673402757005906967e-25 1.350547284047609051e-18 9.999999838719608736e-01 9.853976236379363707e-01
3.066666666666666288e+02 1.307846604710896804e-25 1.067327175197047630e-18 9.999999839042549299e-01 9.853997819994801954e-01
3.075000000000000000e+02 9.746415712920048549e-25 8.043153298759933767e-18 9.999999840239988114e-01 9.854079146003889011e-01
3.083333333333333144e+02 2.251228017917819912e-24 1.878671893832233112e-17 9.999999843734374005e-01 9.854318642803261419e-01
3.091666666666666288e+02 9.892823816294345636e-25 8.348555071520273637e-18 9.999999847244619433e-01 9.854560859850646226e-01
3.100000000000000000e+02 4.638304368582804704e-24 3.958399255784128727e-17 9.999999853340636458e-01 9.854988704634911612e-01
3.108333333333333144e+02 9.620879833747230407e-25 8.303369187261215863e-18 9.999999859407195935e-01 9.855416127543638050e-01
3.116666666666666288e+02 6.411696838349461416e-25 5.596310623287921120e-18 9.999999861143906710e-01 9.855540186901624589e-01
3.124999999999999432e+02 4.847963178777264686e-25 4.279447124779213739e-18 9.999999862363596614e-01 9.855628330441098539e-01
3.133333333333333712e+02 5.307081763547386996e-25 4.737989275665193570e-18 9.999999863463630012e-01 9.855708812565306953e-01
3.141666666666666856e+02 4.354358407843901419e-25 3.931723900844721200e-18 9.999999864510193959e-01 9.855786190582043194e-01
3.150000000000000000e+02 5.640372005245894184e-25 5.151075508977483525e-18 9.999999865592862358e-01 9.855867254781200959e-01
3.158333333333333144e+02 6.282156210880570283e-25 5.802847984707629475e-18 9.999999866884355937e-01 9.855965017920058635e-01
3.166666666666666856e+02 7.582583317180501673e-25 7.084400402365882396e-18 9.999999868386237889e-01 9.856080034631139464e-01
3.175000000000000000e+02 1.946914053034020423e-25 1.839913776882450599e-18 9.999999869418508824e-01 9.856159681976971454e-01
3.183333333333333144e+02 6.252033075642720420e-26 5.976518497371328992e-19 9.999999869697130395e-01 9.856181436548790975e-01
3.191666666666666856e+02 1.931483943645040470e-25 1.867695746197427203e-18 9.999999869974081079e-01 9.856203439017852119e-01
3.200000000000000000e+02 3.379482878067083650e-25 3.305713516038534844e-18 9.999999870549385328e-01 9.856249609944726098e-01
3.208333333333333144e+02 2.883454546078638265e-24 2.853251879773674771e-17 9.999999874038931758e-01 9.856533750632188173e-01
3.216666666666666288e+02 5.068428404758302500e-24 5.073698523939366537e-17 9.999999882652714778e-01 9.857241156692690964e-01
3.225000000000000000e+02 1.215297524462306262e-24 1.230752690760470278e-17 9.999999889459487701e-01 9.857803733659007417e-01
3.233333333333333144e+02 1.079985735840479450e-24 1.106511007904995586e-17 9.999999891945826613e-01 9.858012290954110135e-01
3.241666666666666288e+02 5.836475744791244547e-25 6.049936913158722673e-18 9.999999893747938406e-01 9.858165008103751958e-01
3.250000000000000000e+02 5.427438458588216383e-25 5.692075065243647707e-18 9.999999894968087943e-01 9.858269780423840611e-01
3.258333333333333144e+02 2.147655326023525794e-24 2.278920424209262342e-17 9.999999897882433375e-01 9.858523910244121335e-01
3.266666666666666288e+02 1.079253521589579845e-25 1.158751859814093952e-18 9.999999900325764468e-01 9.858737585526150538e-01
3.275000000000000000e+02 2.240269909030922986e-25 2.433791928641311293e-18 9.999999900685346832e-01 9.858769639545176267e-01
3.283333333333333712e+02 6.230378965286936953e-26 6.849007620279604302e-19 9.999999900995512059e-01 9.858797465603017507e-01
3.291666666666666856e+02 2.045137619267579394e-25 2.274992552610401832e-18 9.999999901284538639e-01 9.858823874725108904e-01
3.300000000000000000e+02 1.400148712585962017e-24 1.576123537100214232e-17 9.999999903022770420e-01 9.858984798234601277e-01
3.308333333333333144e+02 3.672012098592823519e-25 4.183053836549247477e-18 9.999999904937232342e-01 9.859162742861935502e-01
3.316666666666666856e+02 8.780794142198875386e-27 1.012304685641520742e-19 9.999999905344509887e-01 9.859200967188130882e-01
3.325000000000000000e+02 5.524063954968006715e-25 6.445243327530259980e-18 9.999999905952409174e-01 9.859259374451909697e-01
3.333333333333333144e+02 2.928980797336379936e-25 3.458721643298942925e-18 9.999999906868074495e-01 9.859347736401706808e-01
3.341666666666666856e+02 3.717819667071420639e-25 4.443461354673065594e-18 9.999999907588081882e-01 9.859418238132472423e-01
3.350000000000000000e+02 6.675555962151191996e-25 8.075516282828796376e-18 9.999999908713932406e-01 9.859529928969831269e-01
3.358333333333333144e+02 5.841119040659277644e-26 7.152283027074775629e-19 9.999999909500326689e-01 9.859608356792449735e-01
3.366666666666666288e+02 5.824737441135749168e-26 7.219498311638015524e-19 9.999999909626696715e-01 9.859621178713171563e-01
3.375000000000000000e+02 2.649027869512453025e-25 3.323653354660459662e-18 9.999999909976745593e-01 9.859657271855299943e-01
3.383333333333333144e+02 1.069604430585833352e-24 1.358525093744817632e-17 9.999999911422334797e-01 9.859808124440706534e-01
3.391666666666666288e+02 3.978579652518783105e-25 5.115696911321794065e-18 9.999999913011946573e-01 9.859974962033222212e-01
3.399999999999999432e+02 2.353176734286843075e-25 3.063238615942872070e-18 9.999999913697825704e-01 9.860047928244891624e-01
3.408333333333333712e+02 2.516597107472443163e-25 3.316706368127825907e-18 9.999999914225339293e-01 9.860104844863020190e-01
3.416666666666666856e+02 1.231305335455369090e-24 1.643024050915050925e-17 9.999999915831743191e-01 9.860281008788159829e-01
3.425000000000000000e+02 2.134237244051092668e-25 2.883525038932310434e-18 9.999999917396729110e-01 9.860453305227196985e-01
3.433333333333333712e+02 4.203927421498502408e-25 5.751186228300067413e-18 9.999999918083303241e-01 9.860530333768883215e-01
3.441666666666666856e+02 3.283923632148882176e-24 4.549200184550303394e-17 9.999999922095961224e-01 9.860987451675800042e-01
3.450000000000000000e+02 2.943082472432463166e-27 4.128602551357185284e-20 9.999999925656420929e-01 9.861393616299056752e-01
3.458333333333333144e+02 8.416749135149702363e-25 1.195701631162560801e-17 9.999999926571343511e-01 9.861500640398869200e-01
3.466666666666666856e+02 6.842255574273253635e-25 9.844076044978838949e-18 9.999999928224257983e-01 9.861695101794595297e-01
3.475000000000000000e+02 1.341442744723163872e-25 1.954630912245661780e-18 9.999999929110747754e-01 9.861800342308300049e-01
3.483333333333333144e+02 4.783615449486727262e-25 7.059693636052165952e-18 9.999999929774237017e-01 9.861880746306843637e-01
3.491666666666666288e+02 6.349104554795390961e-25 9.490724445650211772e-18 9.999999930980175700e-01 9.862028367395920814e-01
3.500000000000000000e+02 6.372072543766874155e-25 9.648182449531226988e-18 9.999999932358182297e-01 9.862199073698825202e-01
3.508333333333333144e+02 7.030400305945549665e-25 1.078310138746296225e-17 9.999999933809989860e-01 9.862381303882576944e-01
3.516666666666666288e+02 1.745379445525120336e-25 2.711899368324498694e-18 9.999999934760614995e-01 9.862501666301375369e-01
3.525000000000000000e+02 2.741674933784643205e-25 4.315601237358427865e-18 9.999999935246671745e-01 9.862564344261697258e-01
3.533333333333333144e+02 7.543658919385136375e-25 1.203014617211927551e-17 9.999999936360818298e-01 9.862710129703431416e-01
3.541666666666666288e+02 1.677565524565305721e-25 2.710529076180959021e-18 9.999999937359695945e-01 9.862841597882501254e-01
3.550000000000000000e+02 4.121344092399366771e-25 6.747170849092307930e-18 9.999999937987855692e-01 9.862925947680775129e-01
3.558333333333333712e+02 3.077882778299411884e-25 5.105826283814411876e-18 9.999999938767702989e-01 9.863031659248263638e-01
3.566666666666666856e+02 6.323136831778455427e-26 1.062920740810945486e-18 9.999999939169605945e-01 9.863086675089131061e-01
3.575000000000000000e+02 6.580778128988465719e-25 1.121046058020903549e-17 9.999999939950956485e-01 9.863196134070186805e-01
3.583333333333333144e+02 2.410570306606791643e-25 4.161671836480884607e-18 9.999999940924932940e-01 9.863333227253943125e-01
3.591666666666666856e+02 1.623250739614058689e-25 2.840270709927498285e-18 9.999999941361892297e-01 9.863395671998786973e-01
3.600000000000000000e+02 2.110608823458302375e-25 3.743110189521641032e-18 9.999999941766358758e-01 9.863454383565317674e-01
3.608333333333333144e+02 4.615729160998041304e-25 8.297379001763390406e-18 9.999999942494980365e-01 9.863561761528281124e-01
3.616666666666666856e+02 5.458573913015556698e-25 9.946744009694795168e-18 9.999999943586268536e-01 9.863724461723747394e-01
3.625000000000000000e+02 2.755287640868370611e-25 5.089739981881635789e-18 9.999999944476025693e-01 9.863858554334142825e-01
3.633333333333333144e+02 6.521574415720826217e-25 1.221333229729663589e-17 9.999999945480930741e-01 9.864012857708025495e-01
3.641666666666666288e+02 2.636624587155445921e-25 5.006216658561603570e-18 9.999999946472982737e-01 9.864166413850806725e-01
3.650000000000000000e+02 4.976698652611483397e-26 9.580965406140569899e-19 9.999999946812501150e-01 9.864219600338666183e-01
3.658333333333333144e+02 9.143624624939656034e-25 1.784926227629518816e-17 9.999999947856882399e-01 9.864387312215597836e-01
3.666666666666666288e+02 2.201954802406738501e-25 4.358851015553140018e-18 9.999999949085879303e-01 9.864585346152826562e-01
3.674999999999999432e+02 1.397666840511570784e-26 2.805803425076543709e-19 9.999999949339543059e-01 9.864626716335764822e-01
3.683333333333333712e+02 3.882061950995423884e-25 7.903776296590803681e-18 9.999999949775204566e-01 9.864699696479840574e-01
3.691666666666666856e+02 1.175297752835375125e-25 2.426988768965120937e-18 9.999999950323036346e-01 9.864791815438856970e-01
3.700000000000000000e+02 1.468720825490382687e-25 3.076354137561220082e-18 9.999999950609446131e-01 9.864840888144360553e-01
3.708333333333333712e+02 1.140764047282372744e-25 2.423818537726570579e-18 9.999999950892115574e-01 9.864889932337357337e-01
3.716666666666666856e+02 7.639133628238997420e-27 1.646592140365407827e-19 9.999999951023963440e-01 9.864913013310599998e-01
3.725000000000000000e+02 1.082946796975381295e-24 2.368195928996355121e-17 9.999999952205327336e-01 9.865125646618950750e-01
3.733333333333333144e+02 6.286254759049681629e-25 1.394769591274770116e-17 9.999999954059367591e-01 9.865461169904288230e-01
3.741666666666666856e+02 1.235317823491083767e-24 2.781128659960854564e-17 9.999999956078462482e-01 9.865833498810481217e-01
3.750000000000000000e+02 3.785106255130095395e-25 8.647383593165422273e-18 9.999999957826622987e-01 9.866158557904587401e-01
3.758333333333333144e+02 1.769411652392856901e-25 4.102350026481385334e-18 9.999999958428308355e-01 9.866272229760736368e-01
3.766666666666666288e+02 2.230421404141132589e-25 5.248332719567011832e-18 9.999999958861586213e-01 9.866355596118192572e-01
3.775000000000000000e+02 9.411057914724008860e-26 2.247695311267648720e-18 9.999999959205138067e-01 9.866422426724333894e-01
3.783333333333333144e+02 5.781025192163622629e-25 1.401531638611940658e-17 9.999999959933305593e-01 9.866567417545885066e-01
3.791666666666666288e+02 8.102891367770876870e-26 1.994215803020181303e-18 9.999999960647301123e-01 9.866710146421896477e-01
3.800000000000000000e+02 1.033132549542196038e-25 2.581415283960801955e-18 9.999999960846989167e-01 9.866750938907322688e-01
3.808333333333333144e+02 5.714579279195982534e-25 1.449746153521155339e-17 9.999999961577925589e-01 9.866903198345388093e-01
3.816666666666666288e+02 9.173136360068897890e-27 2.363024264033055087e-19 9.999999962206888027e-01 9.867034549042761338e-01
3.825000000000000000e+02 4.359597126438689373e-27 1.140451107785165225e-19 9.999999962221547412e-01 9.867037672350551514e-01
3.833333333333333712e+02 1.302672274973071362e-25 3.460855181193714605e-18 9.999999962367380757e-01 9.867069542116838621e-01
3.841666666666666856e+02 4.794173041824472680e-25 1.293655042669433894e-17 9.999999963027813576e-01 9.867215721513984406e-01
3.850000000000000000e+02 1.148909515231322732e-24 3.149099214509317475e-17 9.999999964791679297e-01 9.867611772761751832e-01
3.858333333333333144e+02 2.799098229344153852e-26 7.793889666377938338e-19 9.999999966066543955e-01 9.867899438502187870e-01
3.866666666666666856e+02 1.709548300418378349e-25 4.836081433588800796e-18 9.999999966282049346e-01 9.867949495264841664e-01
3.875000000000000000e+02 3.666483762982257149e-26 1.053851224089372597e-18 9.999999966506951665e-01 9.868001998333676417e-01
3.883333333333333144e+02 6.643117394191200682e-25 1.940263237025835400e-17 9.999999967266275380e-01 9.868184345984882810e-01
3.891666666666666856e+02 1.235297646902272623e-25 3.666588023957181730e-18 9.999999968119694937e-01 9.868389979345133511e-01
3.900000000000000000e+02 1.065583318251214562e-25 3.214570763277488774e-18 9.999999968368936676e-01 9.868451315473524277e-01
3.908333333333333144e+02 3.093874674348632806e-25 9.486967385153993391e-18 9.999999968819505147e-01 9.868564531329860889e-01
3.916666666666666288e+02 3.259692008709571675e-25 1.016096972882431459e-17 9.999999969507747943e-01 9.868739661735490554e-01
3.925000000000000000e+02 7.778942995634785102e-26 2.465236746857446585e-18 9.999999969945114753e-01 9.868852202834361709e-01
3.933333333333333144e+02 2.853524097964247438e-25 9.194865504778793965e-18 9.999999970338483424e-01 9.868956131621775540e-01
3.941666666666666288e+02 1.647014350559763901e-25 5.396773036201511550e-18 9.999999970825999007e-01 9.869086188227618184e-01
3.950000000000000000e+02 4.606178325834708469e-25 1.534964778393360041e-17 9.999999971503369389e-01 9.869271100018841558e-01
3.958333333333333144e+02 1.876883646255045552e-25 6.361575936096913631e-18 9.999999972205638743e-01 9.869464607339253348e-01
3.966666666666666856e+02 8.450766629253214988e-26 2.913686580548076960e-18 9.999999972500492884e-01 9.869547274539721693e-01
3.975000000000000000e+02 1.466913027244010141e-25 5.145421908132541177e-18 9.999999972750936994e-01 9.869619102018613033e-01
3.983333333333333712e+02 1.859940142427541238e-26 6.637995231764289420e-19 9.999999972929984882e-01 9.869670876866603049e-01
3.991666666666666856e+02 1.294374941676471523e-25 4.700799970071666172e-18 9.999999973090343275e-01 9.869718688767957770e-01
4.000000000000000000e+02 2.402247547082889090e-25 8.878844456206887521e-18 9.999999973490776295e-01 9.869839716081766356e-01
4.008333333333333144e+02 1.613576772777644236e-27 6.070292429490033964e-20 9.999999973752743410e-01 9.869919388153572948e-01
4.016666666666666856e+02 3.033643982090465139e-25 1.161772652586529884e-17 9.999999974083106924e-01 9.870023469039207464e-01
4.025000000000000000e+02 1.863142185554754965e-25 7.264326854330535139e-18 9.999999974613545950e-01 9.870191747978740437e-01
4.033333333333333144e+02 2.511649554870075917e-25 9.971456185215660821e-18 9.999999975087440207e-01 9.870345352670990557e-01
4.041666666666666856e+02 2.630849897995101037e-25 1.063663286135135282e-17 9.999999975644495720e-01 9.870529008098081203e-01
4.050000000000000000e+02 1.269291633849388685e-25 5.226820190404477862e-18 9.999999976066974439e-01 9.870670377890859992e-01
4.058333333333333144e+02 1.164915571968904493e-25 4.886515119177734947e-18 9.999999976330655738e-01 9.870760503498876570e-01
4.066666666666666288e+02 1.525669831317919874e-25 6.520122729016956030e-18 9.999999976622111486e-01 9.870862153464343702e-01
4.075000000000000000e+02 3.080399380742558664e-27 1.341391654852935593e-19 9.999999976790714395e-01 9.870921452267920060e-01
4.083333333333333144e+02 1.578622705451896235e-25 7.005585487990058855e-18 9.999999976965053827e-01 9.870985076829199567e-01
4.091666666666666288e+02 2.728665810814147179e-26 1.234239285009024176e-18 9.999999977165614506e-01 9.871058504254227595e-01
4.100000000000000000e+02 1.112876219901808096e-25 5.131513639174435032e-18 9.999999977315723321e-01 9.871115230917345551e-01
4.108333333333333712e+02 1.562944447993915389e-25 7.347841431563015497e-18 9.999999977605579238e-01 9.871226436325066800e-01
4.116666666666666856e+02 1.215138512664432115e-25 5.825443275711629196e-18 9.999999977906510740e-01 9.871343824084809482e-01
4.125000000000000000e+02 6.132326042263006582e-26 2.998376233181090885e-18 9.999999978104566756e-01 9.871422452774880618e-01
4.133333333333333712e+02 6.058323162390402409e-26 3.021643253442190555e-18 9.999999978236621123e-01 9.871476096559712587e-01
4.141666666666666856e+02 7.119114709735980891e-25 3.622598815807788713e-17 9.999999979073417311e-01 9.871825821088815456e-01
4.150000000000000000e+02 2.384269854891245384e-25 1.238021818551144890e-17 9.999999980102859398e-01 9.872258920056505849e-01
4.158333333333333144e+02 7.371297415599388788e-26 3.906359085927751328e-18 9.999999980440982261e-01 9.872404035130677435e-01
4.166666666666666856e+02 6.801576135075443065e-27 3.679352734473942130e-19 9.999999980528199162e-01 9.872442119178519437e-01
4.175000000000000000e+02 4.571697657189688726e-26 2.524950896620989866e-18 9.999999980585089210e-01 9.872467894768527374e-01
4.183333333333333144e+02 5.012825074983634303e-26 2.827178280569594302e-18 9.999999980688911716e-01 9.872515582014397273e-01
4.191666666666666288e+02 1.840942340658218707e-26 1.060448114796529812e-18 9.999999980763154550e-01 9.872550220457653181e-01
4.200000000000000000e+02 2.315879386886713525e-25 1.362790031571579885e-17 9.999999981033960150e-01 9.872681091381744212e-01
4.208333333333333144e+02 1.033655028297985248e-25 6.214975780083368885e-18 9.999999981396796578e-01 9.872857885599328753e-01
4.216666666666666288e+02 3.875388947436867842e-27 2.381326088283621016e-19 9.999999981512963654e-01 9.872915380223914461e-01
4.225000000000000000e+02 3.713307961470483273e-26 2.332358016815945405e-18 9.999999981557385897e-01 9.872938282177963210e-01
4.233333333333333144e+02 1.089049461486082217e-26 6.993675494756030785e-19 9.999999981609406507e-01 9.872965293466549053e-01
4.241666666666666856e+02 9.612972417287931311e-27 6.312977585598963681e-19 9.999999981631615409e-01 9.872977149062680535e-01
4.250000000000000000e+02 1.248016894473515080e-25 8.383259590233680193e-18 9.999999981777218938e-01 9.873057464113906834e-01
4.258333333333333712e+02 8.004666495810545798e-26 5.501119133588233198e-18 9.999999981999118104e-01 9.873181165480916510e-01
4.266666666666666856e+02 1.125198119428718265e-25 7.913232679806206976e-18 9.999999982207714577e-01 9.873300677722099961e-01
4.275000000000000000e+02 3.115010672275493493e-26 2.242362234727613627e-18 9.999999982363343420e-01 9.873391155817407006e-01
4.283333333333333144e+02 8.170682967949546927e-28 6.021885863047170475e-20 9.999999982397971277e-01 9.873411669827899528e-01
4.291666666666666856e+02 9.047853975894382725e-27 6.828996078486643265e-19 9.999999982408657173e-01 9.873418290363050742e-01
4.300000000000000000e+02 4.228729787369922512e-26 3.269415923030605743e-18 9.999999982464264914e-01 9.873453501960738343e-01
4.308333333333333144e+02 1.637517301673705553e-25 1.297208154967331038e-17 9.999999982687454159e-01 9.873598197863712178e-01
4.316666666666666856e+02 2.998003174087213681e-26 2.434090986370913481e-18 9.999999982897311845e-01 9.873735449876468451e-01
4.325000000000000000e+02 8.249770569448473765e-27 6.866697068981286025e-19 9.999999982938723164e-01 9.873763252181382288e-01
4.333333333333333144e+02 2.649486738681895704e-25 2.261478494965243534e-17 9.999999983234664214e-01 9.873970838244181536e-01
4.341666666666666288e+02 5.033034784922117098e-26 4.406683841596767912e-18 9.999999983576185469e-01 9.874211559394975302e-01
4.350000000000000000e+02 1.909778853650727269e-25 1.715718842984149686e-17 9.999999983837579709e-01 9.874403657256988209e-01
4.358333333333333144e+02 2.308142842091408016e-26 2.128335226942770751e-18 9.999999984069457559e-01 9.874575455696171788e-01
4.366666666666666288e+02 3.267525252789149826e-26 3.093480449656885005e-18 9.999999984129854802e-01 9.874621971926795805e-01
4.374999999999999432e+02 1.171556730587127312e-25 1.139156119658478555e-17 9.999999984292157196e-01 9.874751004353508055e-01
4.383333333333333712e+02 1.609632898241184854e-25 1.607986901404760817e-17 9.999999984593426205e-01 9.874995714607861519e-01
4.391666666666666856e+02 1.013441274169562403e-25 1.040490701716915436e-17 9.999999984877570025e-01 9.875231630194003518e-01
4.400000000000000000e+02 7.050100007010446099e-26 7.441683122168099708e-18 9.999999985063717789e-01 9.875390597163945516e-01
4.408333333333333712e+02 1.043000218261788213e-25 1.132278340429498428e-17 9.999999985253068546e-01 9.875557737279339054e-01
4.416666666666666856e+02 1.555520657075460125e-25 1.737395073326890339e-17 9.999999985534551161e-01 9.875813341284398472e-01
4.425000000000000000e+02 1.054871823104164620e-27 1.212668945639443665e-19 9.999999985704193239e-01 9.875969169279477100e-01
4.433333333333333144e+02 9.734687148873320234e-26 1.152271828661546144e-17 9.999999985810784642e-01 9.876072879622637135e-01
4.441666666666666856e+02 2.325598217817857217e-26 2.835526457395183877e-18 9.999999985941427916e-01 9.876200763762540413e-01
4.450000000000000000e+02 1.397980087535497764e-25 1.756495586063328899e-17 9.999999986118054407e-01 9.876382461267509960e-01
4.458333333333333144e+02 1.006971768334396196e-25 1.304358432340090728e-17 9.999999986378567129e-01 9.876655070874704734e-01
4.466666666666666288e+02 2.180002593984439684e-26 2.912477276966205518e-18 9.999999986511262096e-01 9.876797177761775792e-01
4.475000000000000000e+02 2.304126047474159881e-26 3.176405946780066083e-18 9.999999986559834353e-01 9.876851405657246508e-01
4.483333333333333144e+02 1.485034126489934954e-28 2.113465277165641066e-20 9.999999986584954259e-01 9.876879882992917192e-01
4.491666666666666288e+02 6.806052289786911683e-26 1.000447261198363702e-17 9.999999986658842932e-01 9.876969170641478613e-01
4.500000000000000000e+02 4.538891674747663589e-26 6.894570952828243120e-18 9.999999986781733519e-01 9.877119671005922807e-01
4.508333333333333144e+02 5.510987732756495951e-26 8.655077308655139596e-18 9.999999986890598658e-01 9.877258151830997646e-01
4.516666666666666856e+02 3.609623333917067175e-27 5.864361100099125469e-19 9.999999986954206666e-01 9.877340453248919516e-01
4.525000000000000000e+02 5.514110347851302285e-26 9.272415111815883046e-18 9.999999987017847980e-01 9.877428251687472294e-01
4.533333333333333712e+02 5.847599904857766851e-26 1.018364864794623485e-17 9.999999987140921753e-01 9.877601516239907786e-01
4.541666666666666856e+02 6.125588805839692569e-26 1.105453812639998319e-17 9.999999987270619117e-01 9.877790647888943232e-01
4.550000000000000000e+02 2.485040465096361648e-26 4.650089175802643569e-18 9.999999987363892284e-01 9.877930499403984044e-01
4.558333333333333144e+02 3.970506688601304724e-26 7.708799588213606141e-18 9.999999987433820792e-01 9.878040555339770989e-01
4.566666666666666856e+02 1.721703775149871121e-26 3.470568843855499738e-18 9.999999987495480358e-01 9.878140106587792735e-01
4.575000000000000000e+02 1.703420109589072696e-26 3.567507173707047433e-18 9.999999987532584012e-01 9.878202779492998298e-01
4.583333333333333144e+02 8.474735119455445806e-27 1.845360391002900219e-18 9.999999987560217463e-01 9.878250979914692254e-01
4.591666666666666856e+02 7.213473422445655337e-26 1.634311975120451790e-17 9.999999987647535393e-01 9.878412942696241927e-01
4.600000000000000000e+02 1.133045939291567155e-25 2.673068617971524665e-17 9.999999987848410266e-01 9.878796491005044089e-01
4.608333333333333144e+02 7.045185532243407354e-26 1.732118462616456047e-17 9.999999988047463262e-01 9.879188733036268211e-01
4.616666666666666288e+02 4.063549657657474703e-26 1.042026059247372345e-17 9.999999988167797005e-01 9.879435737501236492e-01
4.625000000000000000e+02 4.130216365668683015e-26 1.105642364681043573e-17 9.999999988256556005e-01 9.879626957504565876e-01
4.633333333333333144e+02 2.036396502793869915e-26 5.696011054263485625e-18 9.999999988323353683e-01 9.879776112066879223e-01
4.641666666666666288e+02 2.795299354789194012e-26 8.177471431082956457e-18 9.999999988375692928e-01 9.879899632300769285e-01
4.650000000000000000e+02 1.616406327989362995e-26 4.950603929263242491e-18 9.999999988423481367e-01 9.880016514504811331e-01
4.658333333333333712e+02 4.124217060589877701e-26 1.323796396877432217e-17 9.999999988485666069e-01 9.880178449125778251e-01
4.666666666666666856e+02 1.010041329422365965e-26 3.401479411407185924e-18 9.999999988541282692e-01 9.880326589413170879e-01
4.675000000000000000e+02 5.064860721760007497e-26 1.791619095786371891e-17 9.999999988607088941e-01 9.880516376519522526e-01
4.683333333333333712e+02 2.903568203797678758e-26 1.080153219147918799e-17 9.999999988693406561e-01 9.880772039104883664e-01
4.691666666666666856e+02 2.335003460212203996e-26 9.146793468262628781e-18 9.999999988750152280e-01 9.880949627302713090e-01
4.700000000000000000e+02 1.506310934795339163e-26 6.221658333236982505e-18 9.999999988791762329e-01 9.881086441403533760e-01
4.708333333333333144e+02 7.542112869897919129e-26 3.289338801741621902e-17 9.999999988889779479e-01 9.881434645544465711e-01
4.716666666666666856e+02 4.774434858371168874e-26 2.201961937761686029e-17 9.999999989023197200e-01 9.881923463238320160e-01
4.725000000000000000e+02 6.911024111626527409e-26 3.375887621336193261e-17 9.999999989149778168e-01 9.882419960472814680e-01
4.733333333333333144e+02 9.218610381289190352e-26 4.777435398910683692e-17 9.999999989324501737e-01 9.883145661654835212e-01
4.741666666666666856e+02 1.169619810436081167e-25 6.442110643645251849e-17 9.999999989551058288e-01 9.884144190426942256e-01
4.750000000000000000e+02 9.848209326373992475e-26 5.775818745438960986e-17 9.999999989784434939e-01 9.885231459627467077e-01
4.758333333333333144e+02 6.345018416787813280e-26 3.970395839420045927e-17 9.999999989959846847e-01 9.886098686066525643e-01
4.766666666666666288e+02 8.550966709299427169e-26 5.721250865915445886e-17 9.999999990121205551e-01 9.886960981579006047e-01
4.775000000000000000e+02 7.686919705341359137e-26 5.511853239701363740e-17 9.999999990297100405e-01 9.887960331191636421e-01
4.783333333333333144e+02 2.561637957013073533e-26 1.973324932183995422e-17 9.999999990408117156e-01 9.888626191668492549e-01
4.791666666666666288e+02 1.505364333582537724e-25 1.249117648195547191e-16 9.999999990598932298e-01 9.889912786165269143e-01
4.800000000000000000e+02 1.047704746036422388e-25 9.391073954895146827e-17 9.999999990875489964e-01 9.891858859619387934e-01
4.808333333333333712e+02 2.702318434238930929e-25 2.624583042962704378e-16 9.999999991281706135e-01 9.895027368610604945e-01
4.816666666666666856e+02 8.323564873215775028e-25 8.788704768348397161e-16 9.999999992476071853e-01 9.905168203643557323e-01
4.825000000000000000e+02 7.118601167014678823e-25 8.201100647583033888e-16 9.999999994148827120e-01 9.920244636360162627e-01
4.833333333333333712e+02 5.662072254628339499e-25 7.145428985138457529e-16 9.999999995533278563e-01 9.933843188548252545e-01
4.841666666666666856e+02 8.243023551353520605e-25 1.144437189729183684e-15 9.999999997039531463e-01 9.950290710991661625e-01
4.850000000000000000e+02 5.465218281833027635e-25 8.387466118693121060e-16 9.999999998524461420e-01 9.967807218996186380e-01
4.858333333333333144e+02 1.595448580624241885e-25 2.720866371926003937e-16 9.999999999289299613e-01 9.977605237999940258e-01
4.866666666666666856e+02 7.645350712425157192e-26 1.457338930588947801e-16 9.999999999544941787e-01 9.981288102556501451e-01
4.875000000000000000e+02 6.632221966182692831e-27 1.422321698320161928e-17 9.999999999634944237e-01 9.982697679300485127e-01
4.883333333333333144e+02 2.622305589687796009e-26 6.373676587251672440e-17 9.999999999670534656e-01 9.983384607439471647e-01
4.891666666666666288e+02 2.825297222187757598e-26 7.847977192341556094e-17 9.999999999729544120e-01 9.984637597077408167e-01
4.900000000000000000e+02 2.651180719989105422e-26 8.496829343597035166e-17 9.999999999788866667e-01 9.986077451544552730e-01
4.908333333333333144e+02 3.346103883739738689e-27 1.250996314816370580e-17 9.999999999821210794e-01 9.986936062817125537e-01
4.916666666666666288e+02 5.917861044408729448e-27 2.614287145032464360e-17 9.999999999831246100e-01 9.987276505582531883e-01
4.925000000000000000e+02 4.084914920874267800e-26 2.164871999605217565e-16 9.999999999881905577e-01 9.989413254682418808e-01
4.933333333333333712e+02 9.555277809229288001e-27 6.186763977431891375e-17 9.999999999936505235e-01 9.991864055170980308e-01
4.941666666666666856e+02 2.727589849119351285e-27 2.206197172848321608e-17 9.999999999949811258e-01 9.992602903120885172e-01
4.950000000000000000e+02 1.730962466179108499e-27 1.798456499926648488e-17 9.999999999954640728e-01 9.992955420966285196e-01
4.958333333333333712e+02 1.517218362324758150e-26 2.098862220999719723e-16 9.999999999972950526e-01 9.994961063610027230e-01
4.966666666666666856e+02 5.489306325861733970e-28 1.060665437711949793e-17 9.999999999989980237e-01 9.996901385292519260e-01
4.975000000000000000e+02 2.582430080572320740e-27 7.454348391962555645e-17 9.999999999993373079e-01 9.997650599680361072e-01
4.983333333333333144e+02 1.607415113515202648e-27 7.670328260581359335e-17 9.999999999997911670e-01 9.998981243056783708e-01
4.991666666666666856e+02 1.321971764393378420e-28 1.236448525017563464e-17 9.999999999999794609e-01 9.999764763319890504e-01
5.000000000000000000e+02 5.533899433644192023e-29 1.437773740683315700e-17 1.000000000000000000e+00 1.000000000000000000e+00
