#F tmpSlopes.dat
#S 1  slopes profile
#N 2
#L  coordinate[m]  slopes[rad]
-5.999999999999999778e-01 5.106881273370401909e-07
-5.989999999999999769e-01 6.340803179546671800e-07
-5.979999999999999760e-01 2.324725085723017368e-07
-5.969999999999999751e-01 4.886469918993996625e-08
-5.959999999999999742e-01 -5.474311019242257027e-08
-5.949999999999999734e-01 -4.235091957478825031e-08
-5.939999999999999725e-01 1.510412710428431509e-07
-5.929999999999999716e-01 -2.335665383395188976e-07
-5.919999999999999707e-01 1.058256522781209313e-07
-5.909999999999999698e-01 -3.657821571042557001e-07
-5.899999999999999689e-01 9.361003351338297983e-08
-5.889999999999999680e-01 -5.959977758689769954e-07
-5.879999999999999671e-01 3.039441474865517282e-08
-5.869999999999999662e-01 -7.172133946337032307e-07
-5.859999999999999654e-01 1.117879598392897741e-08
-5.849999999999999645e-01 -1.081429013398433746e-06
-5.839999999999999636e-01 -2.880368227808013134e-07
-5.829999999999999627e-01 -1.105644632163164129e-06
-5.819999999999999618e-01 -2.812524415455314847e-07
-5.809999999999999609e-01 -1.024860250927894670e-06
-5.799999999999999600e-01 -3.374680603102507190e-07
-5.789999999999999591e-01 -9.340758696926168363e-07
-5.779999999999999583e-01 -8.868367907498557901e-08
-5.769999999999999574e-01 -5.652914884573460690e-07
-5.760000000000000675e-01 1.311007021602905113e-07
-5.750000000000000666e-01 -2.185071072220693311e-07
-5.740000000000000657e-01 2.738850833955603931e-07
-5.730000000000000648e-01 -1.772272598680102104e-08
-5.720000000000000639e-01 4.216694646308344623e-07
-5.710000000000000631e-01 4.130616552484701691e-07
-5.700000000000000622e-01 5.134538458661009361e-07
-5.690000000000000613e-01 5.208460364837378450e-07
-5.680000000000000604e-01 4.482382271013755199e-07
-5.670000000000000595e-01 7.786304177190091669e-07
-5.660000000000000586e-01 5.400226083366487699e-07
-5.650000000000000577e-01 9.084147989542844248e-07
-5.640000000000000568e-01 6.428069895719224229e-07
-5.630000000000000560e-01 1.198199180189558151e-06
-5.620000000000000551e-01 7.965913708071859314e-07
-5.610000000000000542e-01 1.347983561424823053e-06
-5.600000000000000533e-01 7.643757520424617239e-07
-5.590000000000000524e-01 1.308767942660097049e-06
-5.580000000000000515e-01 7.241601332777301391e-07
-5.570000000000000506e-01 1.451552323895363543e-06
-5.560000000000000497e-01 8.299445145130002058e-07
-5.550000000000000488e-01 1.360336705130635326e-06
-5.540000000000000480e-01 8.497288957482748229e-07
-5.530000000000000471e-01 1.375121086365905756e-06
-5.520000000000000462e-01 6.755132769835407941e-07
-5.510000000000000453e-01 1.266905467601177533e-06
-5.500000000000000444e-01 8.162976582188164550e-07
-5.490000000000000435e-01 1.035689848836447268e-06
-5.480000000000000426e-01 6.470820394540866135e-07
-5.470000000000000417e-01 8.244742300717202007e-07
-5.460000000000000409e-01 6.468664206893546458e-07
-5.450000000000000400e-01 7.602586113069902010e-07
-5.440000000000000391e-01 4.046508019246273667e-07
-5.430000000000000382e-01 2.210429925422622080e-07
-5.420000000000000373e-01 2.554351831598973338e-07
-5.410000000000000364e-01 1.138273737775361775e-07
-5.400000000000000355e-01 1.882195643951675322e-07
-5.390000000000000346e-01 -6.538824498719187413e-08
-5.380000000000000338e-01 2.330039456304393687e-07
-5.370000000000000329e-01 -2.660386375192302943e-08
-5.360000000000000320e-01 3.797883268657112452e-07
-5.350000000000000311e-01 2.180517483344216953e-09
-5.340000000000000302e-01 4.235727081009842772e-07
-5.330000000000000293e-01 6.796489871861805475e-08
-5.320000000000000284e-01 4.803570893362519331e-07
-5.310000000000000275e-01 9.074927995388908553e-08
-5.300000000000000266e-01 5.081414705715237630e-07
-5.290000000000000258e-01 -1.246633881083833851e-08
-5.280000000000000249e-01 3.689258518067987166e-07
-5.270000000000000240e-01 -8.568195757557113199e-08
-5.260000000000000231e-01 2.667102330420667090e-07
-5.250000000000000222e-01 -7.689757634029691785e-08
-5.240000000000000213e-01 2.704946142773367358e-07
-5.230000000000000204e-01 -7.113195105027861733e-09
-5.220000000000000195e-01 1.652789955126083145e-07
-5.210000000000000187e-01 -1.503288138697549028e-07
-5.200000000000000178e-01 1.370633767478793253e-07
-5.190000000000000169e-01 5.845556736551400833e-08
-5.180000000000000160e-01 7.684775798315132017e-08
-5.170000000000000151e-01 8.423994860078822910e-08
-5.160000000000000142e-01 1.176321392184211622e-07
-5.150000000000000133e-01 8.102432983605645949e-08
-5.140000000000000124e-01 -1.905834795463051462e-07
-5.130000000000000115e-01 -1.431912889286686202e-07
-5.120000000000000107e-01 -1.707990983110339173e-07
-5.110000000000000098e-01 6.659309230659909550e-08
-5.100000000000000089e-01 -8.801471707576346095e-08
-5.090000000000000080e-01 3.433774735418680332e-07
-5.080000000000000071e-01 2.517696641595047042e-07
-5.070000000000000062e-01 6.761618547771411781e-07
-5.060000000000000053e-01 3.225540453947793411e-07
-5.050000000000000044e-01 7.509462360124110334e-07
-5.040000000000000036e-01 4.023384266300466074e-07
-5.030000000000000027e-01 8.177306172476870639e-07
-5.020000000000000018e-01 3.031228078653211780e-07
-5.010000000000000009e-01 8.725149984829537225e-07
-5.000000000000000000e-01 2.639071891005917859e-07
-4.989999999999999991e-01 8.372993797182297132e-07
-4.979999999999999982e-01 3.006915703358630215e-07
-4.969999999999999973e-01 7.860837609534977255e-07
-4.959999999999999964e-01 2.194759515711330151e-07
-4.949999999999999956e-01 4.898681421887706247e-07
-4.939999999999999947e-01 -8.739667193594059195e-09
-4.929999999999999938e-01 6.816525234240429173e-07
-4.919999999999999929e-01 5.380447140416773756e-07
-4.909999999999999920e-01 4.214369046593134389e-07
-4.899999999999999911e-01 2.178290952769484717e-07
-4.889999999999999902e-01 3.182212858945826267e-07
-4.879999999999999893e-01 1.936134765122214771e-07
-4.869999999999999885e-01 1.920056671298522042e-07
-4.859999999999999876e-01 2.973978577474871584e-07
-4.849999999999999867e-01 3.387900483651240806e-07
-4.839999999999999858e-01 5.551822389827618684e-07
-4.829999999999999849e-01 4.105744296003941340e-07
-4.819999999999999840e-01 6.759666202180309444e-07
-4.809999999999999831e-01 4.303588108356687510e-07
-4.799999999999999822e-01 7.227510014533037783e-07
-4.790000000000000369e-01 4.541431920709419745e-07
-4.780000000000000360e-01 8.585353826885786400e-07
-4.770000000000000351e-01 6.299275733062130651e-07
-4.760000000000000342e-01 1.056319763923847148e-06
-4.750000000000000333e-01 7.057119545414817249e-07
-4.740000000000000324e-01 8.261041451591190766e-07
-4.730000000000000315e-01 3.164963357767539899e-07
-4.720000000000000306e-01 7.238885263943904572e-07
-4.710000000000000298e-01 2.472807170120265791e-07
-4.700000000000000289e-01 5.786729076296624188e-07
-4.690000000000000280e-01 4.470650982472960846e-07
-4.680000000000000271e-01 6.584572888649330733e-07
-4.670000000000000262e-01 2.848494794825680396e-07
-4.660000000000000253e-01 3.562416701002029805e-07
-4.650000000000000244e-01 1.246338607178376038e-07
-4.640000000000000235e-01 1.380260513354741164e-07
-4.630000000000000226e-01 -4.058175804689024310e-08
-4.620000000000000218e-01 1.358104325707479277e-07
-4.610000000000000209e-01 -2.517973768116173107e-07
-4.600000000000000200e-01 1.905948138060179744e-07
-4.590000000000000191e-01 -1.701299557634559922e-08
-4.580000000000000182e-01 3.737919504129272319e-08
-4.570000000000000173e-01 -1.532286143410776201e-07
-4.560000000000000164e-01 -2.498364237234417483e-07
-4.550000000000000155e-01 -1.254442331058057902e-07
-4.540000000000000147e-01 -4.590520424881712068e-07
-4.530000000000000138e-01 -2.806598518705354268e-07
-4.520000000000000129e-01 -5.502676612528994233e-07
-4.510000000000000120e-01 -2.238754706352609947e-07
-4.500000000000000111e-01 -7.074832800176266692e-07
-4.490000000000000102e-01 -2.210910893999897724e-07
-4.480000000000000093e-01 -4.906988987823537689e-07
-4.470000000000000084e-01 -7.730670816471769784e-08
-4.460000000000000075e-01 -1.559145175470864030e-07
-4.450000000000000067e-01 1.824776730705512332e-07
-4.440000000000000058e-01 -3.130136311811534651e-09
-4.430000000000000049e-01 1.902620543058198665e-07
-4.420000000000000040e-01 -8.634575507654253831e-08
-4.410000000000000031e-01 3.004643554109281880e-08
-4.400000000000000022e-01 -3.556137384126770986e-08
-4.390000000000000013e-01 5.583081677636026331e-08
-4.380000000000000004e-01 -9.077699260600169211e-08
-4.369999999999999996e-01 -8.038480198836159317e-08
-4.359999999999999987e-01 -3.349926113707265803e-07
-4.349999999999999978e-01 -3.066004207530944464e-07
-4.339999999999999969e-01 -3.032082301354595321e-07
-4.329999999999999960e-01 -1.288160395178223586e-07
-4.319999999999999951e-01 -1.694238489001856677e-07
-4.309999999999999942e-01 -2.370316582825505818e-07
-4.299999999999999933e-01 -2.246394676649162618e-07
-4.289999999999999925e-01 -2.402472770472789633e-07
-4.279999999999999916e-01 -1.058550864296481831e-07
-4.269999999999999907e-01 -6.134628958120088844e-07
-4.259999999999999898e-01 -3.810707051943698946e-07
-4.249999999999999889e-01 -6.626785145767364867e-07
-4.239999999999999880e-01 -4.332863239591040749e-07
-4.229999999999999871e-01 -6.658941333414682563e-07
-4.219999999999999862e-01 -5.585019427238323048e-07
-4.209999999999999853e-01 -6.291097521061936326e-07
-4.199999999999999845e-01 -4.547175614885598472e-07
-4.189999999999999836e-01 -5.193253708709215713e-07
-4.179999999999999827e-01 -3.849331802532874030e-07
-4.169999999999999818e-01 -4.215409896356554938e-07
-4.160000000000000364e-01 -1.191487990180120919e-07
-4.150000000000000355e-01 -2.177566084003772174e-07
-4.140000000000000346e-01 -7.636441778274464078e-08
-4.130000000000000338e-01 -6.319722271651089483e-07
-4.120000000000000329e-01 -4.535800365474731684e-07
-4.110000000000000320e-01 -5.101878459298376796e-07
-4.100000000000000311e-01 -3.287956553122020978e-07
-4.090000000000000302e-01 -4.944034646945684452e-07
-4.080000000000000293e-01 -3.200112740769312718e-07
-4.070000000000000284e-01 -5.466190834592924612e-07
-4.060000000000000275e-01 -4.712268928416589139e-07
-4.050000000000000266e-01 -6.018347022240230553e-07
-4.040000000000000258e-01 -5.684425116063867342e-07
-4.030000000000000249e-01 -5.950503209887498385e-07
-4.020000000000000240e-01 -5.536581303711163044e-07
-4.010000000000000231e-01 -6.492659397534816280e-07
-4.000000000000000222e-01 -6.958737491358445409e-07
-3.990000000000000213e-01 -6.744815585182142035e-07
-3.980000000000000204e-01 -8.130893679005755578e-07
-3.970000000000000195e-01 -8.326971772829402539e-07
-3.960000000000000187e-01 -1.015304986665303220e-06
-3.950000000000000178e-01 -8.589127960476682457e-07
-3.940000000000000169e-01 -9.125206054300329551e-07
-3.930000000000000160e-01 -8.461284148123954252e-07
-3.920000000000000151e-01 -9.397362241947597515e-07
-3.910000000000000142e-01 -8.383440335771267919e-07
-3.900000000000000133e-01 -1.091951842959489586e-06
-3.890000000000000124e-01 -9.735596523418532319e-07
-3.880000000000000115e-01 -1.015167461724215346e-06
-3.870000000000000107e-01 -9.037752711065841758e-07
-3.860000000000000098e-01 -1.176383080488947974e-06
-3.850000000000000089e-01 -1.109990889871310444e-06
-3.840000000000000080e-01 -1.314598699253677604e-06
-3.830000000000000071e-01 -1.089206508636043799e-06
-3.820000000000000062e-01 -1.103814318018404308e-06
-3.810000000000000053e-01 -8.594221274007661103e-07
-3.800000000000000044e-01 -8.480299367831339830e-07
-3.790000000000000036e-01 -6.476377461655007854e-07
-3.780000000000000027e-01 -9.192455555478623911e-07
-3.770000000000000018e-01 -7.918533649302266311e-07
-3.760000000000000009e-01 -8.834611743125933483e-07
-3.750000000000000000e-01 -8.290689836949550258e-07
-3.739999999999999991e-01 -8.756767930773179387e-07
-3.729999999999999982e-01 -8.962846024596882156e-07
-3.719999999999999973e-01 -9.168924118420517162e-07
-3.709999999999999964e-01 -9.115002212244124164e-07
-3.699999999999999956e-01 -9.191080306067745168e-07
-3.689999999999999947e-01 -1.001715839989145217e-06
-3.679999999999999938e-01 -7.843236493715052360e-07
-3.669999999999999929e-01 -9.329314587538715768e-07
-3.659999999999999920e-01 -9.585392681362358766e-07
-3.649999999999999911e-01 -1.266147077518601881e-06
-3.639999999999999902e-01 -1.258754886900964972e-06
-3.629999999999999893e-01 -1.368362696283327112e-06
-3.619999999999999885e-01 -1.169970505665694912e-06
-3.609999999999999876e-01 -1.220578315048059819e-06
-3.599999999999999867e-01 -1.234186124430424912e-06
-3.589999999999999858e-01 -1.309793933812787039e-06
-3.579999999999999849e-01 -1.168401743195154462e-06
-3.569999999999999840e-01 -1.363009552577516636e-06
-3.559999999999999831e-01 -1.276617361959879297e-06
-3.549999999999999822e-01 -1.487225171342246061e-06
-3.539999999999999813e-01 -1.240832980724610254e-06
-3.529999999999999805e-01 -1.397440790106973808e-06
-3.519999999999999796e-01 -1.303048599489335869e-06
-3.510000000000000342e-01 -1.470656408871703213e-06
-3.500000000000000333e-01 -1.180264218254062407e-06
-3.490000000000000324e-01 -1.238872027636427916e-06
-3.480000000000000315e-01 -1.057479837018792334e-06
-3.470000000000000306e-01 -1.072087646401159619e-06
-3.460000000000000298e-01 -8.906954557835206488e-07
-3.450000000000000289e-01 -9.363032651658847571e-07
-3.440000000000000280e-01 -8.349110745482484094e-07
-3.430000000000000271e-01 -1.009518883930614162e-06
-3.420000000000000262e-01 -8.441266933129797827e-07
-3.410000000000000253e-01 -8.487345026953420813e-07
-3.400000000000000244e-01 -7.043423120777097027e-07
-3.390000000000000235e-01 -7.579501214600744120e-07
-3.380000000000000226e-01 -5.975579308424374433e-07
-3.370000000000000218e-01 -6.791657402248025622e-07
-3.360000000000000209e-01 -6.237735496071688233e-07
-3.350000000000000200e-01 -4.963813589895296752e-07
-3.340000000000000191e-01 -4.659891683718931559e-07
-3.330000000000000182e-01 -4.315969777542580301e-07
-3.320000000000000173e-01 -5.622047871366255597e-07
-3.310000000000000164e-01 -5.028125965189864381e-07
-3.300000000000000155e-01 -4.924204059013531155e-07
-3.290000000000000147e-01 -3.800282152837197529e-07
-3.280000000000000138e-01 -4.656360246660800901e-07
-3.270000000000000129e-01 -3.782438340484439471e-07
-3.260000000000000120e-01 -4.058516434308092442e-07
-3.250000000000000111e-01 -3.164594528131754920e-07
-3.240000000000000102e-01 -3.320672621955381935e-07
-3.230000000000000093e-01 -1.926750715779032260e-07
-3.220000000000000084e-01 -2.472828809602667399e-07
-3.210000000000000075e-01 -2.508906903426336220e-07
-3.200000000000000067e-01 -2.074984997249957025e-07
-3.190000000000000058e-01 -1.941063091073625779e-07
-3.180000000000000049e-01 -3.267141184897277167e-07
-3.170000000000000040e-01 -3.063219278720927957e-07
-3.160000000000000031e-01 -3.709297372544545198e-07
-3.150000000000000022e-01 -2.615375466368175710e-07
-3.140000000000000013e-01 -2.621453560191846512e-07
-3.130000000000000004e-01 -2.187531654015501198e-07
-3.119999999999999996e-01 -1.663609747839127947e-07
-3.109999999999999987e-01 -3.396878416627623553e-08
-3.099999999999999978e-01 -1.735765935486431708e-07
-3.089999999999999969e-01 -2.518440293100540953e-08
-3.079999999999999960e-01 -9.379221231336912819e-08
-3.069999999999999951e-01 1.559997830426782060e-08
-3.059999999999999942e-01 -1.240078310780991146e-07
-3.049999999999999933e-01 -1.066156404604639955e-07
-3.039999999999999925e-01 -3.682234498428273910e-07
-3.029999999999999916e-01 -2.808312592251946361e-07
-3.019999999999999907e-01 -3.094390686075553496e-07
-3.009999999999999898e-01 -1.370468779899225616e-07
-2.999999999999999889e-01 -2.676546873722833149e-07
-2.989999999999999880e-01 -2.242624967546521717e-07
-2.979999999999999871e-01 -2.768703061370146883e-07
-2.969999999999999862e-01 -1.274781155193781225e-07
-2.959999999999999853e-01 -9.608592490174279856e-08
-2.949999999999999845e-01 -1.869373428410825390e-08
-2.939999999999999836e-01 3.869845633352987039e-08
-2.929999999999999827e-01 7.709064695116360261e-08
-2.919999999999999818e-01 6.548283756879611948e-08
-2.909999999999999809e-01 -7.512497181356623220e-08
-2.899999999999999800e-01 -1.747327811959301623e-07
-2.889999999999999791e-01 -1.903405905782928637e-07
-2.880000000000000338e-01 -8.194839996065471951e-08
-2.870000000000000329e-01 1.294437906569788810e-07
-2.860000000000000320e-01 4.483598127461734840e-08
-2.850000000000000311e-01 -9.377182810775078225e-08
-2.840000000000000302e-01 -1.943796374901135169e-07
-2.830000000000000293e-01 -9.898744687248016102e-08
-2.820000000000000284e-01 -3.259525625484263112e-08
-2.810000000000000275e-01 3.779693436279011709e-08
-2.800000000000000266e-01 1.271891249804272574e-07
-2.790000000000000258e-01 3.658131559806612103e-08
-2.780000000000000249e-01 7.297350621570055003e-08
-2.770000000000000240e-01 -6.763430316666349572e-08
-2.760000000000000231e-01 -2.224211254902627298e-08
-2.750000000000000222e-01 7.315007806860877697e-08
-2.740000000000000213e-01 2.115422686862449399e-07
-2.730000000000000204e-01 1.409344593038785299e-07
-2.720000000000000195e-01 2.203266499215157659e-07
-2.710000000000000187e-01 1.537188405391496564e-07
-2.700000000000000178e-01 2.411103115678601353e-08
-2.690000000000000169e-01 -9.649677822557822370e-08
-2.680000000000000160e-01 -2.210458760794178684e-08
-2.670000000000000151e-01 -8.071239699030729531e-08
-2.660000000000000142e-01 -2.320206372672252004e-09
-2.650000000000000133e-01 7.707198424496328995e-08
-2.640000000000000124e-01 1.046417486259887451e-08
-2.630000000000000115e-01 7.385636548023490847e-08
-2.620000000000000107e-01 1.322485560978684492e-07
-2.610000000000000098e-01 1.996407467155047837e-07
-2.600000000000000089e-01 3.170329373331406394e-07
-2.590000000000000080e-01 4.784251279507781068e-07
-2.580000000000000071e-01 4.868173185684121262e-07
-2.570000000000000062e-01 3.342095091860488730e-07
-2.560000000000000053e-01 1.996016998036844310e-07
-2.550000000000000044e-01 2.509938904213212575e-07
-2.540000000000000036e-01 2.603860810389557756e-07
-2.530000000000000027e-01 3.567782716565913242e-07
-2.520000000000000018e-01 3.571704622742264367e-07
-2.510000000000000009e-01 2.745626528918625132e-07
-2.500000000000000000e-01 2.129548435094972029e-07
-2.489999999999999991e-01 1.553470341271321931e-07
-2.479999999999999982e-01 3.027392247447677616e-07
-2.469999999999999973e-01 3.151314153624037756e-07
-2.459999999999999964e-01 2.465236059800400570e-07
-2.449999999999999956e-01 1.899157965976738517e-07
-2.439999999999999947e-01 2.753079872153123855e-07
-2.429999999999999938e-01 2.457001778329460912e-07
-2.419999999999999929e-01 2.410923684505820986e-07
-2.409999999999999920e-01 1.374845590682178680e-07
-2.399999999999999911e-01 1.648767496858528914e-07
-2.390000000000000180e-01 1.472689403034908867e-07
-2.380000000000000171e-01 2.206611309211251308e-07
-2.370000000000000162e-01 5.705332153876147472e-08
-2.360000000000000153e-01 3.445512156396765406e-09
-2.350000000000000144e-01 -1.591622972259680861e-07
-2.340000000000000135e-01 -1.567701066083336704e-07
-2.330000000000000127e-01 -1.973779159906952855e-07
-2.320000000000000118e-01 -1.119857253730618339e-07
-2.310000000000000109e-01 -4.359353475542330667e-08
-2.300000000000000100e-01 1.327986558622097819e-07
-2.290000000000000091e-01 2.961908464798465525e-07
-2.280000000000000082e-01 6.665830370974815106e-07
-2.270000000000000073e-01 2.479752277151160608e-07
-2.260000000000000064e-01 -4.863258166724784663e-08
-2.250000000000000056e-01 -9.524039104961245356e-08
-2.240000000000000047e-01 -2.984820043197711637e-08
-2.230000000000000038e-01 1.765439901856590731e-07
-2.220000000000000029e-01 3.339361808032962400e-07
-2.210000000000000020e-01 1.693283714209303911e-07
-2.200000000000000011e-01 1.687205620385650050e-07
-2.190000000000000002e-01 1.071127526562013887e-07
-2.179999999999999993e-01 -2.149505672616175552e-08
-2.169999999999999984e-01 -1.611028661085269967e-07
-2.159999999999999976e-01 -1.017106754908912632e-07
-2.149999999999999967e-01 -7.031848487325593935e-08
-2.139999999999999958e-01 -1.329262942556217483e-07
-2.129999999999999949e-01 5.346589636201632670e-08
-2.119999999999999940e-01 1.208580869796509671e-07
-2.109999999999999931e-01 1.282502775972861820e-07
-2.099999999999999922e-01 1.846424682149221136e-07
-2.089999999999999913e-01 1.650346588325591116e-07
-2.080000000000000182e-01 3.242684945019397281e-08
-2.070000000000000173e-01 4.481904006782998684e-08
-2.060000000000000164e-01 -8.178876931453385414e-08
-2.050000000000000155e-01 -5.339657869689833211e-08
-2.040000000000000147e-01 -2.400438807926231143e-08
-2.030000000000000138e-01 -3.961219746162840101e-08
-2.020000000000000129e-01 -1.222000684399168356e-08
-2.010000000000000120e-01 -1.818278162263566375e-07
-2.000000000000000111e-01 -2.854356256087208681e-07
-1.990000000000000102e-01 2.295656500891536124e-08
-1.980000000000000093e-01 -1.396512443734494903e-07
-1.970000000000000084e-01 -3.002590537558150386e-07
-1.960000000000000075e-01 -2.698668631381785193e-07
-1.950000000000000067e-01 -1.814746725205435717e-07
-1.940000000000000058e-01 -3.108248190290650729e-08
-1.930000000000000049e-01 -3.969029128527249448e-08
-1.920000000000000040e-01 -6.229810066763868644e-08
-1.910000000000000031e-01 7.094089949998645325e-09
-1.900000000000000022e-01 -1.513719432367341866e-09
-1.890000000000000013e-01 -1.911215288147304103e-07
-1.880000000000000004e-01 -2.097293381970963017e-07
-1.869999999999999996e-01 -2.383371475794570152e-07
-1.859999999999999987e-01 -2.209449569618235901e-07
-1.849999999999999978e-01 -2.175527663441869817e-07
-1.839999999999999969e-01 -2.691605757265523878e-07
-1.829999999999999960e-01 -3.117683851089150002e-07
-1.819999999999999951e-01 -4.233761944912815258e-07
-1.809999999999999942e-01 -3.739840038736456967e-07
-1.799999999999999933e-01 -2.195918132560100257e-07
-1.789999999999999925e-01 -2.171996226383756100e-07
-1.779999999999999916e-01 -2.418074320207377171e-07
-1.769999999999999907e-01 -3.624152414031036484e-07
-1.759999999999999898e-01 -2.390230507854664948e-07
-1.750000000000000167e-01 -2.556308601678296949e-07
-1.740000000000000158e-01 -2.502386695501954773e-07
-1.730000000000000149e-01 -3.168464789325581987e-07
-1.720000000000000140e-01 -7.845428831492299324e-08
-1.710000000000000131e-01 -2.306209769728925438e-08
-1.700000000000000122e-01 2.133009292034577565e-08
-1.690000000000000113e-01 -7.627771646201715714e-08
-1.680000000000000104e-01 -6.188552584438353394e-08
-1.670000000000000095e-01 -6.249333522674553197e-08
-1.660000000000000087e-01 1.048988553908881510e-07
-1.650000000000000078e-01 6.629104600852414510e-08
-1.640000000000000069e-01 1.706832366261602947e-07
-1.630000000000000060e-01 -1.389245727562016247e-07
-1.620000000000000051e-01 -2.695323821385674603e-07
-1.610000000000000042e-01 -3.461401915209317800e-07
-1.600000000000000033e-01 -2.307480009032969215e-07
-1.590000000000000024e-01 -2.133558102856634965e-07
-1.580000000000000016e-01 -1.969636196680254878e-07
-1.570000000000000007e-01 -2.945714290503918088e-07
-1.559999999999999998e-01 -1.711792384327546552e-07
-1.549999999999999989e-01 -3.357870478151205040e-07
-1.539999999999999980e-01 -3.693948571974837108e-07
-1.529999999999999971e-01 -4.290026665798497179e-07
-1.519999999999999962e-01 -5.116104759622119473e-07
-1.509999999999999953e-01 -5.282182853445768414e-07
-1.499999999999999944e-01 -5.428260947269407383e-07
-1.489999999999999936e-01 -4.064339041093055727e-07
-1.479999999999999927e-01 -3.980417134916698591e-07
-1.469999999999999918e-01 -3.276495228740354169e-07
-1.459999999999999909e-01 -3.562573322564012126e-07
-1.449999999999999900e-01 -2.628651416387620777e-07
-1.440000000000000169e-01 -3.134729510211269851e-07
-1.430000000000000160e-01 -3.570807604034900961e-07
-1.420000000000000151e-01 -4.956885697858548387e-07
-1.410000000000000142e-01 -5.122963791682180388e-07
-1.400000000000000133e-01 -4.419041885505835965e-07
-1.390000000000000124e-01 -4.175119979329475279e-07
-1.380000000000000115e-01 -5.861198073153128302e-07
-1.370000000000000107e-01 -6.727276166976779012e-07
-1.360000000000000098e-01 -4.993354260800420734e-07
-1.350000000000000089e-01 -3.199432354624066419e-07
-1.340000000000000080e-01 -3.985510448447711118e-07
-1.330000000000000071e-01 -3.161588542271349210e-07
-1.320000000000000062e-01 -3.157666636094989614e-07
-1.310000000000000053e-01 -4.373744729918645444e-07
-1.300000000000000044e-01 -4.229822823742292271e-07
-1.290000000000000036e-01 -3.605900917565936918e-07
-1.280000000000000027e-01 -2.801979011389568042e-07
-1.270000000000000018e-01 -2.728057105213224363e-07
-1.260000000000000009e-01 -3.624135199036864621e-07
-1.250000000000000000e-01 -3.930213292860507140e-07
-1.239999999999999991e-01 -3.216291386684149261e-07
-1.229999999999999982e-01 -3.232369480507791168e-07
-1.219999999999999973e-01 -1.458447574331438355e-07
-1.209999999999999964e-01 -1.584525668155084292e-07
-1.199999999999999956e-01 -1.970603761978724351e-07
-1.190000000000000085e-01 -1.646681855802366125e-07
-1.180000000000000077e-01 -1.882759949626007620e-07
-1.170000000000000068e-01 -1.968838043449659022e-07
-1.160000000000000059e-01 -8.049161372732969804e-08
-1.150000000000000050e-01 -7.209942310969483155e-08
-1.140000000000000041e-01 1.142927675079415494e-07
-1.130000000000000032e-01 1.546849581255771260e-07
-1.120000000000000023e-01 3.707714874321269059e-08
-1.110000000000000014e-01 1.774693393608481567e-07
-1.100000000000000006e-01 -7.213847002151603125e-08
-1.089999999999999997e-01 -1.137462794038798390e-07
-1.079999999999999988e-01 -3.135408878624534223e-08
-1.069999999999999979e-01 1.180381018313903766e-07
-1.059999999999999970e-01 -1.035697075509742489e-07
-1.049999999999999961e-01 -5.717751693333906864e-08
-1.040000000000000091e-01 -1.117853263157025825e-07
-1.030000000000000082e-01 -1.193931356980663770e-07
-1.020000000000000073e-01 -3.140009450804310916e-07
-1.010000000000000064e-01 -1.746087544627952771e-07
-1.000000000000000056e-01 -1.752165638451598162e-07
-9.900000000000000466e-02 -5.082437322752385804e-08
-9.800000000000000377e-02 -9.043218260988836258e-08
-9.700000000000000289e-02 -8.039991992252171725e-09
-9.600000000000000200e-02 -1.426478013746174608e-07
-9.500000000000000111e-02 -7.225561075698217145e-08
-9.400000000000000022e-02 -1.538634201393464433e-07
-9.299999999999999933e-02 -9.347122952171105822e-08
-9.199999999999999845e-02 -1.490790389040750708e-07
-9.099999999999999756e-02 1.313151713560299638e-09
-8.999999999999999667e-02 -5.829465766880401341e-08
-8.899999999999999578e-02 -5.090246705116795151e-08
-8.799999999999999489e-02 -1.705102764335325371e-07
-8.700000000000000788e-02 -2.511180858158963103e-07
-8.600000000000000699e-02 -5.517258951982613653e-07
-8.500000000000000611e-02 -1.723337045806261545e-07
-8.400000000000000522e-02 4.305848603701028761e-08
-8.300000000000000433e-02 -1.015493233453549057e-07
-8.200000000000000344e-02 -3.011571327277187254e-07
-8.100000000000000255e-02 -1.397649421100829521e-07
-8.000000000000000167e-02 5.662724850755163910e-08
-7.900000000000000078e-02 5.019439125187927079e-09
-7.799999999999999989e-02 -9.958837025717680216e-08
-7.699999999999999900e-02 -8.219617963954083600e-08
-7.599999999999999811e-02 -1.558039890219053538e-07
-7.499999999999999722e-02 1.758820159573047399e-08
-7.399999999999999634e-02 6.098039221336585240e-08
-7.299999999999999545e-02 1.143725828310011351e-07
-7.200000000000000844e-02 5.576477344863732066e-08
-7.100000000000000755e-02 7.415696406627293844e-08
-7.000000000000000666e-02 1.135491546839084399e-07
-6.900000000000000577e-02 1.389413453015441600e-07
-6.800000000000000488e-02 1.043335359191800311e-07
-6.700000000000000400e-02 1.067257265368152939e-07
-6.600000000000000311e-02 1.291179171544512121e-07
-6.500000000000000222e-02 1.865101077720863718e-07
-6.400000000000000133e-02 2.149022983897223174e-07
-6.300000000000000044e-02 8.294489007357548269e-09
-6.199999999999999956e-02 -1.083133203750068120e-07
-6.099999999999999867e-02 -2.539211297573712334e-07
-5.999999999999999778e-02 -2.975289391397351914e-07
-5.900000000000000383e-02 -1.741367485220997319e-07
-5.800000000000000294e-02 -2.067445579044641340e-07
-5.700000000000000205e-02 -1.673523672868282091e-07
-5.600000000000000117e-02 -1.739601766691931990e-07
-5.500000000000000028e-02 -1.565679860515572328e-07
-5.399999999999999939e-02 -2.631757954339216888e-07
-5.299999999999999850e-02 -2.007836048162865770e-07
-5.200000000000000455e-02 -1.353914141986503928e-07
-5.100000000000000366e-02 -1.009992235810148435e-07
-5.000000000000000278e-02 -2.026070329633789239e-07
-4.900000000000000189e-02 -2.214842345743608671e-09
-4.800000000000000100e-02 1.321773482718918302e-07
-4.700000000000000011e-02 2.115695388895273722e-07
-4.599999999999999922e-02 1.909617295071630245e-07
-4.499999999999999833e-02 3.635392012479877401e-08
-4.399999999999999745e-02 1.547461107424338579e-07
-4.300000000000000350e-02 4.581383013600703468e-07
-4.200000000000000261e-02 2.585304919777054684e-07
-4.100000000000000172e-02 1.949226825953412783e-07
-4.000000000000000083e-02 2.083148732129769440e-07
-3.899999999999999994e-02 2.667070638306123905e-07
-3.799999999999999906e-02 4.330992544482481159e-07
-3.699999999999999817e-02 3.454914450658836051e-07
-3.600000000000000422e-02 1.918836356835194297e-07
-3.500000000000000333e-02 8.527582630115497373e-08
-3.400000000000000244e-02 8.966801691879081024e-08
-3.300000000000000155e-02 -1.593979246357378237e-08
-3.200000000000000067e-02 -7.254760184593829355e-08
-3.099999999999999978e-02 -3.915541122830260763e-08
-2.999999999999999889e-02 7.723677938933296124e-08
-2.900000000000000147e-02 -6.537102999303144653e-08
-2.800000000000000058e-02 -8.397883937539564391e-08
-2.699999999999999969e-02 -1.485866487577601208e-07
-2.600000000000000228e-02 -4.319445814012453136e-08
-2.500000000000000139e-02 5.519773247751116749e-08
-2.400000000000000050e-02 -6.841007690485329513e-08
-2.299999999999999961e-02 -5.301788628721769099e-08
-2.199999999999999872e-02 -1.956256956695820988e-07
-2.100000000000000130e-02 -1.232335050519464474e-07
-2.000000000000000042e-02 -7.984131443431085725e-08
-1.899999999999999953e-02 -3.844912381667520558e-08
-1.800000000000000211e-02 -6.705693319903951897e-08
-1.700000000000000122e-02 -8.466474258140395886e-08
-1.600000000000000033e-02 -7.527255196376848786e-08
-1.499999999999999944e-02 -4.988036134613287358e-08
-1.400000000000000029e-02 -2.064881707284971685e-07
-1.300000000000000114e-02 -1.480959801108616160e-07
-1.200000000000000025e-02 -2.257037894932261167e-07
-1.099999999999999936e-02 -1.893115988755904172e-07
-1.000000000000000021e-02 -2.739194082579547027e-07
-9.000000000000001055e-03 -3.052721764031922741e-08
-8.000000000000000167e-03 1.786497297731642077e-08
-7.000000000000000146e-03 2.752571635949520478e-07
-6.000000000000000125e-03 3.336493542125876003e-07
-5.000000000000000104e-03 4.660415448302232595e-07
-4.000000000000000083e-03 4.814337354478588636e-07
-3.000000000000000062e-03 4.848259260654945191e-07
-2.000000000000000042e-03 4.012181166831300971e-07
-1.000000000000000021e-03 3.326103073007657431e-07
0.000000000000000000e+00 3.370024979184013679e-07
1.000000000000000021e-03 4.273946885360369951e-07
2.000000000000000042e-03 3.877868791536725435e-07
3.000000000000000062e-03 4.791790697713081929e-07
4.000000000000000083e-03 2.895712603889437481e-07
5.000000000000000104e-03 1.099634510065794193e-07
6.000000000000000125e-03 -2.564435837578493902e-08
7.000000000000000146e-03 9.074783224185062985e-08
8.000000000000000167e-03 -1.685997714051374244e-08
9.000000000000001055e-03 4.253221347712188512e-08
1.000000000000000021e-02 7.292440409475745153e-08
1.099999999999999936e-02 6.331659471239318915e-08
1.200000000000000025e-02 1.927087853300287818e-07
1.300000000000000114e-02 3.641009759476643535e-07
1.400000000000000029e-02 3.454931665652999443e-07
1.499999999999999944e-02 5.598853571829354643e-07
1.600000000000000033e-02 4.512775478005710698e-07
1.700000000000000122e-02 3.456697384182067948e-07
1.800000000000000211e-02 2.460619290358425471e-07
1.899999999999999953e-02 5.214541196534779913e-07
2.000000000000000042e-02 4.178463102711137607e-07
2.100000000000000130e-02 4.122385008887492694e-07
2.199999999999999872e-02 3.046306915063849501e-07
2.299999999999999961e-02 4.980228821240205864e-07
2.400000000000000050e-02 3.644150727416564313e-07
2.500000000000000139e-02 3.668072633592916940e-07
2.600000000000000228e-02 4.331994539769273181e-07
2.699999999999999969e-02 6.225916445945630774e-07
2.800000000000000058e-02 5.369838352121985051e-07
2.900000000000000147e-02 5.623760258298342252e-07
2.999999999999999889e-02 5.277682164474696728e-07
3.099999999999999978e-02 6.271604070651054468e-07
3.200000000000000067e-02 4.845525976827412508e-07
3.300000000000000155e-02 5.919447883003765670e-07
3.400000000000000244e-02 5.453369789180123836e-07
3.500000000000000333e-02 6.877291695356480000e-07
3.600000000000000422e-02 6.701213601532834542e-07
3.699999999999999817e-02 7.635135507709187775e-07
3.799999999999999906e-02 3.839057413885549871e-07
3.899999999999999994e-02 3.152979320061904214e-07
4.000000000000000083e-02 1.666901226238261981e-07
4.100000000000000172e-02 3.580823132414616842e-07
4.200000000000000261e-02 2.564745038590971804e-07
4.300000000000000350e-02 3.068666944767322376e-07
4.399999999999999745e-02 3.102588850943688461e-07
4.499999999999999833e-02 5.316510757120040449e-07
4.599999999999999922e-02 5.710432663296399698e-07
4.700000000000000011e-02 9.604354569472755083e-07
4.800000000000000100e-02 1.016827647564911016e-06
4.900000000000000189e-02 1.043219838182546388e-06
5.000000000000000278e-02 7.326120288001822760e-07
5.100000000000000366e-02 8.300042194178178997e-07
5.200000000000000455e-02 7.433964100354532523e-07
5.299999999999999850e-02 8.537886006530894291e-07
5.399999999999999939e-02 7.491807912707242764e-07
5.500000000000000028e-02 8.205729818883596408e-07
5.600000000000000117e-02 6.779651725059958683e-07
5.700000000000000205e-02 8.313573631236314641e-07
5.800000000000000294e-02 6.877495537412667695e-07
5.900000000000000383e-02 5.461417443589026486e-07
5.999999999999999778e-02 3.755339349765384666e-07
6.099999999999999867e-02 5.889261255941739114e-07
6.199999999999999956e-02 4.053183162118095997e-07
6.300000000000000044e-02 5.937105068294452839e-07
6.400000000000000133e-02 3.831026974470810613e-07
6.500000000000000222e-02 5.444948880647168346e-07
6.600000000000000311e-02 5.138870786823521592e-07
6.700000000000000400e-02 5.252792692999876746e-07
6.800000000000000488e-02 5.896714599176233602e-07
6.900000000000000577e-02 5.800636505352585684e-07
7.000000000000000666e-02 5.474558411528941663e-07
7.100000000000000755e-02 5.358480317705300713e-07
7.200000000000000844e-02 6.172402223881657635e-07
7.299999999999999545e-02 4.816324130058016699e-07
7.399999999999999634e-02 3.860246036234363462e-07
7.499999999999999722e-02 4.074167942410726129e-07
7.599999999999999811e-02 5.068089848587079634e-07
7.699999999999999900e-02 5.162011754763441755e-07
7.799999999999999989e-02 6.955933660939796071e-07
7.900000000000000078e-02 6.199855567116149390e-07
8.000000000000000167e-02 7.563777473292509517e-07
8.100000000000000255e-02 6.827699379468864338e-07
8.200000000000000344e-02 6.011621285645213150e-07
8.300000000000000433e-02 6.375543191821574380e-07
8.400000000000000522e-02 7.439465097997937379e-07
8.500000000000000611e-02 6.333387004174294049e-07
8.600000000000000699e-02 3.767308910350642675e-07
8.700000000000000788e-02 7.391230816526994716e-07
8.799999999999999489e-02 7.035152722703361147e-07
8.899999999999999578e-02 6.069074628879711394e-07
8.999999999999999667e-02 7.442996535056068037e-07
9.099999999999999756e-02 6.186918441232426143e-07
9.199999999999999845e-02 7.370840347408781217e-07
9.299999999999999933e-02 8.744762253585146330e-07
9.400000000000000022e-02 9.288684159761495673e-07
9.500000000000000111e-02 7.602606065937859590e-07
9.600000000000000200e-02 5.686527972114210463e-07
9.700000000000000289e-02 6.410449878290556388e-07
9.800000000000000377e-02 6.984371784466912220e-07
9.900000000000000466e-02 6.558293690643269156e-07
1.000000000000000056e-01 7.522215596819624642e-07
1.010000000000000064e-01 7.716137502995977336e-07
1.020000000000000073e-01 7.180059409172338713e-07
1.030000000000000082e-01 6.753981315348695649e-07
1.040000000000000091e-01 7.227903221525052438e-07
1.049999999999999961e-01 5.881825127701416489e-07
1.059999999999999970e-01 7.125747033877776070e-07
1.069999999999999979e-01 7.209668940054133205e-07
1.079999999999999988e-01 7.263590846230475381e-07
1.089999999999999997e-01 5.987512752406831985e-07
1.100000000000000006e-01 8.071434658583186912e-07
1.110000000000000014e-01 7.705356564759539885e-07
1.120000000000000023e-01 9.099278470935898030e-07
1.130000000000000032e-01 8.463200377112260365e-07
1.140000000000000041e-01 9.097122283288612234e-07
1.150000000000000050e-01 7.091044189464969051e-07
1.160000000000000059e-01 5.594966095641326067e-07
1.170000000000000068e-01 6.458888001817682511e-07
1.180000000000000077e-01 5.472809907994039726e-07
1.190000000000000085e-01 4.056731814170394282e-07
1.199999999999999956e-01 3.240653720346751564e-07
1.209999999999999964e-01 2.784575626523110481e-07
1.219999999999999973e-01 2.648497532699459558e-07
1.229999999999999982e-01 4.912419438875828008e-07
1.239999999999999991e-01 5.416341345052174346e-07
1.250000000000000000e-01 7.320263251228532691e-07
1.260000000000000009e-01 7.064185157404889693e-07
1.270000000000000018e-01 8.598107063581241416e-07
1.280000000000000027e-01 8.352028969757611875e-07
1.290000000000000036e-01 6.655950875933953865e-07
1.300000000000000044e-01 5.469872782110312995e-07
1.310000000000000053e-01 7.493794688286663415e-07
1.320000000000000062e-01 8.827716594463017052e-07
1.330000000000000071e-01 8.251638500639375424e-07
1.340000000000000080e-01 7.605560406815732772e-07
1.350000000000000089e-01 6.479482312992087940e-07
1.360000000000000098e-01 6.283404219168449450e-07
1.370000000000000107e-01 6.987326125344802343e-07
1.380000000000000115e-01 6.061248031521155596e-07
1.390000000000000124e-01 5.685169937697528994e-07
1.400000000000000133e-01 5.229091843873862500e-07
1.410000000000000142e-01 4.803013750050219436e-07
1.420000000000000151e-01 6.616935656226592195e-07
1.430000000000000160e-01 7.520857562402934703e-07
1.440000000000000169e-01 7.094779468579308579e-07
1.449999999999999900e-01 5.838701374755675156e-07
1.459999999999999909e-01 5.362623280932024100e-07
1.469999999999999918e-01 6.166545187108367565e-07
1.479999999999999927e-01 5.660467093284718491e-07
1.489999999999999936e-01 4.954388999461088272e-07
1.499999999999999944e-01 5.168310905637442469e-07
1.509999999999999953e-01 4.732232811813794418e-07
1.519999999999999962e-01 3.966154717990134280e-07
1.529999999999999971e-01 2.790076624166523808e-07
1.539999999999999980e-01 2.213998530342856769e-07
1.549999999999999989e-01 2.717920436519236988e-07
1.559999999999999998e-01 2.891842342695571239e-07
1.570000000000000007e-01 2.765764248871942243e-07
1.580000000000000016e-01 4.479686155048299019e-07
1.590000000000000024e-01 5.743608061224651632e-07
1.600000000000000033e-01 6.757529967400998169e-07
1.610000000000000042e-01 1.231451873577336172e-07
1.620000000000000051e-01 7.255373779753707586e-07
1.630000000000000060e-01 1.225929568593006166e-06
1.640000000000000069e-01 8.683217592106423345e-07
1.650000000000000078e-01 6.747139498282772715e-07
1.660000000000000087e-01 7.781061404459129225e-07
1.670000000000000095e-01 7.424983310635487185e-07
1.680000000000000104e-01 7.768905216811855383e-07
1.690000000000000113e-01 5.672827122988192733e-07
1.700000000000000122e-01 6.776749029164567207e-07
1.710000000000000131e-01 5.400670935340907828e-07
1.720000000000000140e-01 5.714592841517261067e-07
1.730000000000000149e-01 4.728514747693626753e-07
1.740000000000000158e-01 5.912436653869973356e-07
1.750000000000000167e-01 8.106358560046349253e-07
1.759999999999999898e-01 9.190280466222696814e-07
1.769999999999999907e-01 6.714202372399064907e-07
1.779999999999999916e-01 7.238124278575421217e-07
1.789999999999999925e-01 7.272046184751787301e-07
1.799999999999999933e-01 8.005968090928129743e-07
1.809999999999999942e-01 6.769889997104489352e-07
1.819999999999999951e-01 7.043811903280839586e-07
1.829999999999999960e-01 5.897733809457193251e-07
1.839999999999999969e-01 8.021655715633551183e-07
1.849999999999999978e-01 7.435577621809896098e-07
1.859999999999999987e-01 6.819499527986276876e-07
1.869999999999999996e-01 5.723421434162621592e-07
1.880000000000000004e-01 5.627343340338990615e-07
1.890000000000000013e-01 4.911265246515321528e-07
1.900000000000000022e-01 6.525187152691696202e-07
1.910000000000000031e-01 4.579109058868040586e-07
1.920000000000000040e-01 4.873030965044400793e-07
1.930000000000000049e-01 5.806952871220741319e-07
1.940000000000000058e-01 6.820874777397104797e-07
1.950000000000000067e-01 5.044796683573466188e-07
1.960000000000000075e-01 5.188718589749802420e-07
1.970000000000000084e-01 3.982640495926176988e-07
1.980000000000000093e-01 4.106562402102537128e-07
1.990000000000000102e-01 3.420484308278883001e-07
2.000000000000000111e-01 3.304406214455242051e-07
2.010000000000000120e-01 3.448328120631595224e-07
2.020000000000000129e-01 3.592250026807948396e-07
2.030000000000000138e-01 4.086171932984306688e-07
2.040000000000000147e-01 3.820093839160658704e-07
2.050000000000000155e-01 2.764015745337023366e-07
2.060000000000000164e-01 2.077937651513386179e-07
2.070000000000000173e-01 1.471859557689721122e-07
2.080000000000000182e-01 4.957814638660748530e-08
2.089999999999999913e-01 4.897033700424548728e-08
2.099999999999999922e-01 2.036252762188138564e-08
2.109999999999999931e-01 8.775471823951602605e-08
2.119999999999999940e-01 2.021469088571537740e-07
2.129999999999999949e-01 1.295390994747863667e-07
2.139999999999999958e-01 -1.340687099075763320e-07
2.149999999999999967e-01 1.832348071006003568e-08
2.159999999999999976e-01 8.771567132769228525e-08
2.169999999999999984e-01 1.071078619453317898e-07
2.179999999999999993e-01 8.050005256296529732e-08
2.190000000000000002e-01 6.189224318060279400e-08
2.200000000000000011e-01 4.128443379823590526e-08
2.210000000000000020e-01 1.066766244158729365e-07
2.220000000000000029e-01 3.406881503350722327e-08
2.230000000000000038e-01 -2.538994348855785335e-09
2.240000000000000047e-01 4.085319626877874605e-08
2.250000000000000056e-01 1.224538688641464441e-08
2.260000000000000064e-01 -1.673624224959502138e-07
2.270000000000000073e-01 -1.689702318783127105e-07
2.280000000000000082e-01 6.342195873932119721e-08
2.290000000000000091e-01 -5.918585064304403732e-08
2.300000000000000100e-01 -8.793660025407709483e-09
2.310000000000000109e-01 3.759853059222662377e-08
2.320000000000000118e-01 1.349907212098643651e-07
2.330000000000000127e-01 1.893829118274992994e-07
2.340000000000000135e-01 1.157751024451347815e-07
2.350000000000000144e-01 1.361672930627697025e-07
2.360000000000000153e-01 1.295594836804064067e-07
2.370000000000000162e-01 1.749516742980419354e-07
2.380000000000000171e-01 1.293438649156778271e-07
2.390000000000000180e-01 1.667360555333127547e-07
2.399999999999999911e-01 2.331282461509502846e-07
2.409999999999999920e-01 2.645204367685856085e-07
2.419999999999999929e-01 1.269126273862213646e-07
2.429999999999999938e-01 1.863048180038570981e-07
2.439999999999999947e-01 1.376970086214914939e-07
2.449999999999999956e-01 1.950891992391279241e-07
2.459999999999999964e-01 2.414813898567639514e-07
2.469999999999999973e-01 3.308735804744010917e-07
2.479999999999999982e-01 1.442657710920344370e-07
2.489999999999999991e-01 2.246579617096704776e-07
2.500000000000000000e-01 1.600501523273053654e-07
2.510000000000000009e-01 1.514423429449410723e-07
2.520000000000000018e-01 8.583453356257715551e-08
2.530000000000000027e-01 1.792267241802112082e-07
2.540000000000000036e-01 1.156189147978482887e-07
2.550000000000000044e-01 2.190111054154822456e-07
2.560000000000000053e-01 3.140329603311848043e-08
2.570000000000000062e-01 1.297954866507533323e-07
2.580000000000000071e-01 -4.128123227316095751e-07
2.590000000000000080e-01 5.615798678860250211e-07
2.600000000000000089e-01 -3.502794149633770807e-08
2.610000000000000098e-01 -6.663575087870330564e-08
2.620000000000000107e-01 -7.524356026106759877e-08
2.630000000000000115e-01 -6.885136964343288254e-08
2.640000000000000124e-01 1.154082097420315806e-08
2.650000000000000133e-01 1.499330115918393210e-07
2.660000000000000142e-01 2.932520220947338967e-08
2.670000000000000151e-01 1.717392827111480745e-09
2.680000000000000160e-01 -1.778904165552533774e-07
2.690000000000000169e-01 -2.744982259376191997e-07
2.700000000000000178e-01 -2.971060353199836976e-07
2.710000000000000187e-01 -3.137138447023468977e-07
2.720000000000000195e-01 -3.273216540847119900e-07
2.730000000000000204e-01 -2.949294634670761675e-07
2.740000000000000213e-01 -3.865372728494411906e-07
2.750000000000000222e-01 -3.041450822318075408e-07
2.760000000000000231e-01 -2.717528916141683301e-07
2.770000000000000240e-01 -3.193607009965351298e-07
2.780000000000000249e-01 -2.719685103788969097e-07
2.790000000000000258e-01 -3.385763197612630192e-07
2.800000000000000266e-01 -5.261841291436301725e-07
2.810000000000000275e-01 -5.817919385259924910e-07
2.820000000000000284e-01 -4.313997479083588147e-07
2.830000000000000293e-01 -4.530075572907228139e-07
2.840000000000000302e-01 -4.726153666730858159e-07
2.850000000000000311e-01 -4.452231760554490984e-07
2.860000000000000320e-01 -2.478309854378190908e-07
2.870000000000000329e-01 -1.544387948201799560e-07
2.880000000000000338e-01 -2.980466042025421095e-07
2.889999999999999791e-01 -3.686544135849068255e-07
2.899999999999999800e-01 -3.922622229672701280e-07
2.909999999999999809e-01 -4.068700323496340248e-07
2.919999999999999818e-01 -4.614778417319975387e-07
2.929999999999999827e-01 -4.760856511143648237e-07
2.939999999999999836e-01 -4.006934604967278882e-07
2.949999999999999845e-01 -3.773012698790931653e-07
2.959999999999999853e-01 -5.169090792614567124e-07
2.969999999999999862e-01 -4.205168886438211638e-07
2.979999999999999871e-01 -4.381246980261848626e-07
2.989999999999999880e-01 -2.877325074085494922e-07
2.999999999999999889e-01 -2.703403167909177612e-07
3.009999999999999898e-01 -2.669481261732794587e-07
3.019999999999999907e-01 -3.665559355556433888e-07
3.029999999999999916e-01 -3.161637449380070609e-07
3.039999999999999925e-01 -2.387715543203759044e-07
3.049999999999999933e-01 -8.379363702737911831e-09
3.059999999999999942e-01 -1.298717308510021038e-08
3.069999999999999951e-01 -8.859498246746911362e-08
3.079999999999999960e-01 -1.492027918498288431e-07
3.089999999999999969e-01 -1.778106012321929448e-07
3.099999999999999978e-01 -9.441841061455879635e-08
3.109999999999999987e-01 2.397378000307755805e-08
3.119999999999999996e-01 -6.340293792879371417e-10
3.130000000000000004e-01 1.875816123834817928e-08
3.140000000000000013e-01 1.031503518559845204e-07
3.150000000000000022e-01 1.785425424736180678e-07
3.160000000000000031e-01 -3.065266908746093651e-09
3.170000000000000040e-01 -2.366730762911090796e-07
3.180000000000000049e-01 -1.642808856734719459e-07
3.190000000000000058e-01 -1.588886950558394224e-07
3.200000000000000067e-01 -1.634965044382017210e-07
3.210000000000000075e-01 -1.281043138205677906e-07
3.220000000000000084e-01 -1.527121232029332858e-07
3.230000000000000093e-01 -2.303199325852964101e-07
3.240000000000000102e-01 -1.289277419676600623e-07
3.250000000000000111e-01 -1.755355513500263633e-07
3.260000000000000120e-01 -2.711433607323916869e-07
3.270000000000000129e-01 -2.807511701147547846e-07
3.280000000000000138e-01 -2.783589794971186749e-07
3.290000000000000147e-01 -3.009667888794831728e-07
3.300000000000000155e-01 -9.357459826184817871e-08
3.310000000000000164e-01 1.881759235578857195e-08
3.320000000000000173e-01 1.320978297342408070e-08
3.330000000000000182e-01 -8.039802640894363377e-08
3.340000000000000191e-01 1.169941642086965382e-07
3.350000000000000200e-01 2.433863548263301055e-07
3.360000000000000209e-01 4.677785454439651062e-07
3.370000000000000218e-01 2.291707360616013212e-07
3.380000000000000226e-01 2.055629266792380187e-07
3.390000000000000235e-01 3.269551172968707868e-07
3.400000000000000244e-01 3.613473079145093007e-07
3.410000000000000253e-01 2.667394985321427817e-07
3.420000000000000262e-01 2.641316891497814804e-07
3.430000000000000271e-01 2.785238797674167977e-07
3.440000000000000280e-01 4.429160703850489847e-07
3.450000000000000289e-01 3.213082610026876370e-07
3.460000000000000298e-01 1.997004516203229011e-07
3.470000000000000306e-01 2.080926422379586146e-07
3.480000000000000315e-01 2.574848328555893616e-07
3.490000000000000324e-01 2.118770234732286414e-07
3.500000000000000333e-01 2.792692140908649759e-07
3.510000000000000342e-01 2.466614047085022678e-07
3.519999999999999796e-01 3.640535953261364295e-07
3.529999999999999805e-01 3.964457859437705580e-07
3.539999999999999813e-01 2.958379765614078233e-07
3.549999999999999822e-01 2.002301671790424997e-07
3.559999999999999831e-01 3.546223577966798647e-07
3.569999999999999840e-01 3.790145484143133921e-07
3.579999999999999849e-01 4.694067390319493370e-07
3.589999999999999858e-01 6.047989296495856980e-07
3.599999999999999867e-01 4.421911202672225405e-07
3.609999999999999876e-01 5.445833108848576929e-07
3.619999999999999885e-01 2.949755015024935049e-07
3.629999999999999893e-01 3.273676921201276334e-07
3.639999999999999902e-01 4.117598827377673626e-07
3.649999999999999911e-01 4.901520733554007119e-07
3.659999999999999920e-01 5.775442639730334667e-07
3.669999999999999929e-01 6.859364545906716109e-07
3.679999999999999938e-01 7.013286452083091209e-07
3.689999999999999947e-01 6.787208358259446230e-07
3.699999999999999956e-01 4.401130264435774498e-07
3.709999999999999964e-01 4.855052170612129785e-07
3.719999999999999973e-01 4.508974076788492731e-07
3.729999999999999982e-01 4.842895982964889824e-07
3.739999999999999991e-01 3.436817889141198545e-07
3.750000000000000000e-01 4.810739795317538247e-07
3.760000000000000009e-01 5.794661701493903706e-07
3.770000000000000018e-01 5.448583607670266652e-07
3.780000000000000027e-01 2.632505513846634612e-07
3.790000000000000036e-01 -7.357257997702728019e-09
3.800000000000000044e-01 6.034932619937172791e-09
3.810000000000000053e-01 2.924271232375658201e-07
3.820000000000000062e-01 3.698193138552037529e-07
3.830000000000000071e-01 2.012115044728409916e-07
3.840000000000000080e-01 2.366036950904783101e-07
3.850000000000000089e-01 2.949958857081084627e-07
3.860000000000000098e-01 1.763880763257469168e-07
3.870000000000000107e-01 3.778026694338217431e-08
3.880000000000000115e-01 5.917245756101589989e-08
3.890000000000000124e-01 -9.435351821347818775e-09
3.900000000000000133e-01 -9.804316120370795782e-08
3.910000000000000142e-01 -1.646509705860740673e-07
3.920000000000000151e-01 -1.362587799684419334e-07
3.930000000000000160e-01 -2.458665893508040737e-07
3.940000000000000169e-01 -3.484743987331678056e-07
3.950000000000000178e-01 -1.750822081155328249e-07
3.960000000000000187e-01 -1.769001749789904615e-08
3.970000000000000195e-01 2.270217311973907149e-08
3.980000000000000204e-01 9.209436373737640326e-08
3.990000000000000213e-01 2.774865543550105915e-07
4.000000000000000222e-01 3.688787449726453410e-07
4.010000000000000231e-01 3.132709355902796344e-07
4.020000000000000240e-01 3.366631262079177454e-07
4.030000000000000249e-01 4.000553168255486971e-07
4.040000000000000258e-01 2.654475074431893373e-07
4.050000000000000266e-01 2.188396980608230363e-07
4.060000000000000275e-01 5.123188867846246780e-08
4.070000000000000284e-01 3.762407929609398738e-08
4.080000000000000293e-01 9.101626991372672895e-08
4.090000000000000302e-01 1.164084605313658372e-07
4.100000000000000311e-01 6.980065114900292438e-08
4.110000000000000320e-01 2.501928417666329253e-07
4.120000000000000329e-01 2.005850323842735987e-07
4.130000000000000338e-01 9.097722300190807035e-08
4.140000000000000346e-01 -2.156305863804591294e-07
4.150000000000000355e-01 -1.182383957628213881e-07
4.160000000000000364e-01 -5.684620514518465739e-08
4.169999999999999818e-01 -2.545401452754594536e-08
4.179999999999999827e-01 9.193817609008821633e-08
4.189999999999999836e-01 2.943303667077257994e-07
4.199999999999999845e-01 2.187225573253602842e-07
4.209999999999999853e-01 3.341147479429934486e-07
4.219999999999999862e-01 2.715069385606293337e-07
4.229999999999999871e-01 3.468991291782662692e-07
4.239999999999999880e-01 2.802913197959035479e-07
4.249999999999999889e-01 2.296835104135352523e-07
4.259999999999999898e-01 2.570757010311719697e-07
4.269999999999999907e-01 1.114678916488088189e-07
4.279999999999999916e-01 1.368600822664445390e-07
4.289999999999999925e-01 1.242522728840782513e-07
4.299999999999999933e-01 7.364446350171334390e-08
4.309999999999999942e-01 5.810366541193522419e-07
4.319999999999999951e-01 4.744288447369865154e-07
4.329999999999999960e-01 1.238210353546210921e-07
4.339999999999999969e-01 -3.778677402774326078e-08
4.349999999999999978e-01 -3.203945834101052693e-07
4.359999999999999987e-01 -2.392792473220658328e-12
4.369999999999999996e-01 8.338979782516431588e-08
4.380000000000000004e-01 7.578198844279882733e-08
4.390000000000000013e-01 1.717417906043670699e-08
4.400000000000000022e-01 4.956636967807083547e-08
4.410000000000000031e-01 -6.204143970429569022e-08
4.420000000000000040e-01 -1.196492490866590060e-07
4.430000000000000049e-01 -2.272570584690235371e-07
4.440000000000000058e-01 -2.748648678513886427e-07
4.450000000000000067e-01 -5.934726772337516618e-07
4.460000000000000075e-01 -6.900804866161157900e-07
4.470000000000000084e-01 -7.346882959984810937e-07
4.480000000000000093e-01 -7.652961053808428045e-07
4.490000000000000102e-01 -9.159039147632067545e-07
4.500000000000000111e-01 -8.425117241455708163e-07
4.510000000000000120e-01 -8.881195335279417008e-07
4.520000000000000129e-01 -8.647273429103002017e-07
4.530000000000000138e-01 -8.333351522926648778e-07
4.540000000000000147e-01 -7.189429616750305180e-07
4.550000000000000155e-01 -7.425507710573972086e-07
4.560000000000000164e-01 -7.341585804397581069e-07
4.570000000000000173e-01 -7.007663898221251739e-07
4.580000000000000182e-01 -6.473741992044924323e-07
4.590000000000000191e-01 -6.709820085868557348e-07
4.600000000000000200e-01 -6.895898179692182381e-07
4.610000000000000209e-01 -8.391976273515799954e-07
4.620000000000000218e-01 -8.958054367339478947e-07
4.630000000000000226e-01 -1.059413246116309857e-06
4.640000000000000235e-01 -1.188021055498676389e-06
4.650000000000000244e-01 -1.139628864881037670e-06
4.660000000000000253e-01 -1.136236674263406144e-06
4.670000000000000262e-01 -1.194844483645771653e-06
4.680000000000000271e-01 -1.117452293028133720e-06
4.690000000000000280e-01 -8.970601024105007138e-07
4.700000000000000289e-01 -8.726679117928637982e-07
4.710000000000000298e-01 -9.642757211752271272e-07
4.720000000000000306e-01 -1.081883530557589869e-06
4.730000000000000315e-01 -1.096491339939957154e-06
4.740000000000000324e-01 -1.036099149322322616e-06
4.750000000000000333e-01 -8.837069587046828597e-07
4.760000000000000342e-01 -8.553147680870473377e-07
4.770000000000000351e-01 -7.139225774694147610e-07
4.780000000000000360e-01 -6.575303868517788294e-07
4.790000000000000369e-01 -7.971381962341423765e-07
4.799999999999999822e-01 -7.857460056165068612e-07
4.809999999999999831e-01 -8.533538149988683871e-07
4.819999999999999840e-01 -5.949616243812333731e-07
4.829999999999999849e-01 -7.075694337635953153e-07
4.839999999999999858e-01 -7.821772431459620258e-07
4.849999999999999867e-01 -7.747850525283251169e-07
4.859999999999999876e-01 -7.553928619106890004e-07
4.869999999999999885e-01 -7.050006712930526726e-07
4.879999999999999893e-01 -6.376084806754197263e-07
4.889999999999999902e-01 -5.272162900577839729e-07
4.899999999999999911e-01 -4.258240994401476251e-07
4.909999999999999920e-01 -4.914319088225115419e-07
4.919999999999999929e-01 -5.220397182048766409e-07
4.929999999999999938e-01 -6.246475275872403728e-07
4.939999999999999947e-01 -6.232553369696030676e-07
4.949999999999999956e-01 -6.618631463519721557e-07
4.959999999999999964e-01 -6.534709557343364422e-07
4.969999999999999973e-01 -7.120787651166985625e-07
4.979999999999999982e-01 -4.426865744990631456e-07
4.989999999999999991e-01 -2.362943838814269561e-07
5.000000000000000000e-01 -2.389021932637916455e-07
5.010000000000000009e-01 -2.405100026461575303e-07
5.020000000000000018e-01 -2.891178120285248286e-07
5.030000000000000027e-01 -2.967256214108869290e-07
5.040000000000000036e-01 -2.093334307932507860e-07
5.050000000000000044e-01 -3.379412401756139302e-07
5.060000000000000053e-01 -4.555490495579800597e-07
5.070000000000000062e-01 -3.891568589403425298e-07
5.080000000000000071e-01 -2.907646683227093720e-07
5.090000000000000080e-01 -2.337247770507156429e-08
5.100000000000000089e-01 -1.539802870874357058e-07
5.110000000000000098e-01 -1.805880964698021983e-07
5.120000000000000107e-01 -2.101959058521651045e-07
5.130000000000000115e-01 -1.478037152345329573e-07
5.140000000000000124e-01 -2.584115246168972903e-07
5.150000000000000133e-01 -1.690193339992567619e-07
5.160000000000000142e-01 -1.586271433816234392e-07
5.170000000000000151e-01 -1.532349527639875275e-07
5.180000000000000160e-01 -1.308427621463549974e-07
5.190000000000000169e-01 -5.045057152871387459e-08
5.200000000000000178e-01 -1.760583809110806051e-07
5.210000000000000187e-01 -2.016661902934482930e-07
5.220000000000000195e-01 -2.142739996758078044e-07
5.230000000000000204e-01 -2.018818090581734844e-07
5.240000000000000213e-01 -1.234896184405367471e-07
5.250000000000000222e-01 -1.350974278229042302e-07
5.260000000000000231e-01 -9.870523720526810712e-08
5.270000000000000240e-01 -2.303130465876310532e-07
5.280000000000000249e-01 -1.859208559699977172e-07
5.290000000000000258e-01 -1.995286653523628095e-07
5.300000000000000266e-01 -1.231364747347270694e-07
5.310000000000000275e-01 -1.767442841170883906e-07
5.320000000000000284e-01 -2.043520934994536877e-07
5.330000000000000293e-01 -2.359599028818175912e-07
5.340000000000000302e-01 -1.705677122641822540e-07
5.350000000000000311e-01 -3.951755216465458343e-07
5.360000000000000320e-01 -4.777833310289097577e-07
5.370000000000000329e-01 -6.063911404112762901e-07
5.380000000000000338e-01 -4.909989497936363494e-07
5.390000000000000346e-01 -5.456067591760032514e-07
5.400000000000000355e-01 -5.902145685583719433e-07
5.410000000000000364e-01 -6.728223779407324786e-07
5.420000000000000373e-01 -6.874301873230963754e-07
5.430000000000000382e-01 -7.140379967054662561e-07
5.440000000000000391e-01 -6.676458060878251465e-07
5.450000000000000400e-01 -7.282536154701882642e-07
5.460000000000000409e-01 -6.268614248525553045e-07
5.470000000000000417e-01 -5.414692342349201588e-07
5.480000000000000426e-01 -5.750770436172850596e-07
5.490000000000000435e-01 -4.826848529996481175e-07
5.500000000000000444e-01 -4.722926623820147948e-07
5.510000000000000453e-01 -4.709004717643808778e-07
5.520000000000000462e-01 -4.675082811467425753e-07
5.530000000000000471e-01 -4.401160905291058578e-07
5.540000000000000480e-01 -3.297238999114734926e-07
5.550000000000000488e-01 -2.373317092938365504e-07
5.560000000000000497e-01 -3.469395186761986907e-07
5.570000000000000506e-01 -5.135473280585638428e-07
5.580000000000000515e-01 -5.151551374409297276e-07
5.590000000000000524e-01 -5.247629468232894371e-07
5.600000000000000533e-01 -5.153707562056515309e-07
5.610000000000000542e-01 -3.799785655880185580e-07
5.620000000000000551e-01 -2.955863749703822169e-07
5.630000000000000560e-01 -3.331941843527491123e-07
5.640000000000000568e-01 -3.708019937351126195e-07
5.650000000000000577e-01 -2.494098031174764632e-07
5.660000000000000586e-01 -2.701761249984245983e-08
5.670000000000000595e-01 5.374578117795056776e-09
5.680000000000000604e-01 -1.492332312645708878e-07
5.690000000000000613e-01 -2.658410406469280483e-07
5.700000000000000622e-01 -3.554488500292937682e-07
5.710000000000000631e-01 -4.040566594116644546e-07
5.720000000000000639e-01 -3.666644687940295269e-07
5.730000000000000648e-01 -3.442722781763936086e-07
5.740000000000000657e-01 -3.108800875587606756e-07
5.750000000000000666e-01 -4.854878969411162643e-07
5.760000000000000675e-01 -3.410957063234838858e-07
5.769999999999999574e-01 -2.867035157058455633e-07
5.779999999999999583e-01 -3.573113250882102793e-07
5.789999999999999591e-01 -3.509191344705755631e-07
5.799999999999999600e-01 -2.765269438529340440e-07
5.809999999999999609e-01 -2.301347532352997108e-07
5.819999999999999618e-01 2.325743738233450406e-08
5.829999999999999627e-01 2.764962799997161113e-08
5.839999999999999636e-01 1.041818617608506782e-09
5.849999999999999645e-01 -8.556599076476418750e-08
5.859999999999999654e-01 -6.117380014712388379e-08
5.869999999999999662e-01 -1.407816095294880054e-07
5.879999999999999671e-01 -2.638941891185364553e-08
5.889999999999999680e-01 -8.997228294215138273e-09
5.899999999999999689e-01 3.939496232342358040e-08
5.909999999999999698e-01 3.187871529410538194e-07
5.919999999999999707e-01 5.771793435586854452e-07
5.929999999999999716e-01 6.605715341763195936e-07
5.939999999999999725e-01 6.499637247939644676e-07
5.949999999999999734e-01 5.113559154115929488e-07
5.959999999999999742e-01 5.187481060292298577e-07
5.969999999999999751e-01 5.461402966468699633e-07
5.979999999999999760e-01 5.285324872644994883e-07
5.989999999999999769e-01 5.579246778821439793e-07
5.999999999999999778e-01 5.263168684997699114e-07
