           1
   0.0000000000000000        0.0000000000000000        0.0000000000000000
   0.0000000000000000        10000.000000000000        0.0000000000000000
  -0.0000000000000000        10000.000000000000        0.0000000000000000
   1.0000000000000000        0.0000000000000000        0.0000000000000000
  -0.0000000000000000        6.1232339957367660E-017   1.0000000000000000
  -0.0000000000000000       -1.0000000000000000        1.2246467991473532E-016
  -0.0000000000000000        1.0000000000000000        0.0000000000000000
  -0.0000000000000000        6.1232339957367660E-017   1.0000000000000000
           2
   0.0000000000000000        381804.90275387536        14340.346440667883     
   0.0000000000000000        401723.85134181962        16139.092434640728     
   0.0000000000000000        402022.46819321334        16167.867007855935     
   1.0000000000000000        0.0000000000000000        0.0000000000000000     
   0.0000000000000000       0.99567295342168838        9.2926690592807420E-002
   0.0000000000000000       -9.2926690592806324E-002  0.99567295342168838     
   0.0000000000000000       0.99538950464564169        9.5915244050688853E-002
   0.0000000000000000       -9.5915244050687770E-002  0.99538950464564169     
