           1
   0.0000000000000000        0.0000000000000000        0.0000000000000000
   0.0000000000000000        10000.000000000000        0.0000000000000000
  -0.0000000000000000        10000.000000000000        0.0000000000000000
   1.0000000000000000        0.0000000000000000        0.0000000000000000
  -0.0000000000000000        6.1232339957367660E-017   1.0000000000000000
  -0.0000000000000000       -1.0000000000000000        1.2246467991473532E-016
  -0.0000000000000000        1.0000000000000000        0.0000000000000000
  -0.0000000000000000        6.1232339957367660E-017   1.0000000000000000
           2
  -0.0000000000000000        30299.994592935196        1.8011689668275128
  -0.0000000000000000        60299.453886454627        181.91806564957878
  -0.0000000000000000        30299.994592935196        1.8011689668275039
   1.0000000000000000        0.0000000000000000        0.0000000000000000
   0.0000000000000000       -6.0038965560915243E-003  0.99998197645064768
   0.0000000000000000      -0.99998197645064768       -6.0038965560915867E-003
   0.0000000000000000       0.99998197645064768        6.0038965560917090E-003
   0.0000000000000000       -6.0038965560915243E-003  0.99998197645064768
           3
   0.0000000000000000        90897.220789545143        551.15088652542852     
   0.0000000000000000        120892.35454816472        1091.4756060415125     
   0.0000000000000000        121192.26803902595        1098.6796326537096     
   1.0000000000000000        0.0000000000000000        0.0000000000000000     
   0.0000000000000000       0.99977921898172040        2.1012217691162377E-002
   0.0000000000000000       -2.1012217691162006E-002  0.99977921898172040     
   0.0000000000000000       0.99971163620410908        2.4013422040657394E-002
   0.0000000000000000       -2.4013422040657026E-002  0.99971163620410908     
