   3.04063845512e+06    6.08127691024e+06    5.06773075853e+04    6.20500000000e+00 
61 
5.560482e-01 
5.345250e-01 
5.138672e-01 
4.940345e-01 
4.750063e-01 
4.568810e-01 
4.393305e-01 
4.227936e-01 
4.067970e-01 
3.915477e-01 
3.769852e-01 
3.631571e-01 
3.451475e-01 
2.709025e-01 
3.038855e-01 
3.131915e-01 
3.009362e-01 
3.023753e-01 
-3.697399e-01 
-1.620595e+00 
2.639176e-01 
2.064906e+00 
2.695696e-01 
2.389024e-01 
2.314974e-01 
2.243918e-01 
2.175909e-01 
2.110806e-01 
2.048491e-01 
1.988815e-01 
1.931497e-01 
1.877055e-01 
1.824619e-01 
1.774142e-01 
1.725495e-01 
1.678594e-01 
1.634344e-01 
1.591607e-01 
1.550346e-01 
1.510488e-01 
1.471956e-01 
1.435497e-01 
1.400226e-01 
1.366096e-01 
1.333042e-01 
1.301492e-01 
1.270927e-01 
1.241212e-01 
1.212394e-01 
1.184827e-01 
1.158918e-01 
1.133570e-01 
1.108985e-01 
1.085072e-01 
1.061898e-01 
1.039673e-01 
1.018139e-01 
9.971539e-02 
9.767513e-02 
9.569052e-02 
9.378355e-02 
1.858911e-02 
1.828438e-02 
1.798947e-02 
1.770392e-02 
1.742730e-02 
1.715918e-02 
1.689920e-02 
1.664697e-02 
1.640216e-02 
1.616445e-02 
1.593353e-02 
1.570911e-02 
1.549093e-02 
1.527872e-02 
1.507226e-02 
1.487129e-02 
1.467562e-02 
1.448502e-02 
1.429932e-02 
1.411831e-02 
1.394184e-02 
1.376971e-02 
1.360179e-02 
1.343791e-02 
1.327794e-02 
1.312173e-02 
1.296915e-02 
1.282008e-02 
1.267440e-02 
1.253199e-02 
1.239274e-02 
1.225656e-02 
1.212334e-02 
1.199298e-02 
1.186539e-02 
1.174049e-02 
1.161820e-02 
1.149842e-02 
1.138109e-02 
1.126613e-02 
1.115347e-02 
1.107779e-02 
1.100335e-02 
1.093014e-02 
1.085812e-02 
1.078725e-02 
1.071751e-02 
1.064887e-02 
1.058130e-02 
1.051478e-02 
1.044928e-02 
1.038477e-02 
1.032124e-02 
1.025865e-02 
1.019699e-02 
1.013624e-02 
1.007636e-02 
1.001735e-02 
9.959189e-03 
9.901848e-03 
9.845313e-03 
