-8.000000000000000444e-01 2.999999999999204636e+00
-7.980000000000000426e-01 2.999999999999204636e+00
-7.980000000000000426e-01 1.999999999997387867e+00
-7.959999999999999298e-01 1.999999999997387867e+00
-7.960000000000000409e-01 3.999999999995605293e+00
-7.940000000000000391e-01 3.999999999995605293e+00
-7.940000000000000391e-01 7.999999999943953277e+00
-7.919999999999999263e-01 7.999999999943953277e+00
-7.920000000000000373e-01 6.999999999996784794e+00
-7.900000000000000355e-01 6.999999999996784794e+00
-7.900000000000000355e-01 2.999999999997949640e+00
-7.879999999999999227e-01 2.999999999997949640e+00
-7.880000000000000338e-01 1.999999999996629363e+00
-7.860000000000000320e-01 1.999999999996629363e+00
-7.860000000000000320e-01 4.999999999996746602e+00
-7.840000000000000302e-01 4.999999999996746602e+00
-7.840000000000000302e-01 4.999999999983192112e+00
-7.820000000000000284e-01 4.999999999983192112e+00
-7.820000000000000284e-01 4.999999999998415490e+00
-7.800000000000000266e-01 4.999999999998415490e+00
-7.800000000000001377e-01 4.999999999984956034e+00
-7.780000000000000249e-01 4.999999999984956034e+00
-7.780000000000000249e-01 3.999999999953308905e+00
-7.760000000000000231e-01 3.999999999953308905e+00
-7.760000000000000231e-01 3.999999999997462474e+00
-7.739999999999999103e-01 3.999999999997462474e+00
-7.740000000000000213e-01 6.999999999924611416e+00
-7.720000000000000195e-01 6.999999999924611416e+00
-7.720000000000000195e-01 5.999999999982042809e+00
-7.699999999999999067e-01 5.999999999982042809e+00
-7.700000000000000178e-01 3.999999999988395949e+00
-7.680000000000000160e-01 3.999999999988395949e+00
-7.680000000000000160e-01 9.999999999999350520e-01
-7.660000000000000142e-01 9.999999999999350520e-01
-7.660000000000001252e-01 7.999999999992887467e+00
-7.640000000000000124e-01 7.999999999992887467e+00
-7.640000000000000124e-01 8.999999999983428367e+00
-7.620000000000000107e-01 8.999999999983428367e+00
-7.620000000000001217e-01 2.999999999998264055e+00
-7.600000000000000089e-01 2.999999999998264055e+00
-7.600000000000000089e-01 5.999999999994707345e+00
-7.580000000000000071e-01 5.999999999994707345e+00
-7.580000000000000071e-01 4.999999999999181099e+00
-7.559999999999998943e-01 4.999999999999181099e+00
-7.560000000000000053e-01 7.999999999976022735e+00
-7.540000000000000036e-01 7.999999999976022735e+00
-7.540000000000000036e-01 6.999999999994471978e+00
-7.520000000000000018e-01 6.999999999994471978e+00
-7.520000000000001128e-01 4.999999999982934540e+00
-7.500000000000000000e-01 4.999999999982934540e+00
-7.500000000000000000e-01 8.999999999990709654e+00
-7.479999999999999982e-01 8.999999999990709654e+00
-7.480000000000001092e-01 5.999999999992103206e+00
-7.459999999999999964e-01 5.999999999992103206e+00
-7.459999999999999964e-01 2.999999999984478194e+00
-7.439999999999999947e-01 2.999999999984478194e+00
-7.440000000000001057e-01 4.999999999979423571e+00
-7.419999999999999929e-01 4.999999999979423571e+00
-7.419999999999999929e-01 2.999999999999239275e+00
-7.399999999999999911e-01 2.999999999999239275e+00
-7.399999999999999911e-01 4.999999999986824761e+00
-7.379999999999999893e-01 4.999999999986824761e+00
-7.380000000000001004e-01 5.999999999994701128e+00
-7.359999999999999876e-01 5.999999999994701128e+00
-7.359999999999999876e-01 8.999999999990574651e+00
-7.339999999999999858e-01 8.999999999990574651e+00
-7.340000000000000968e-01 3.999999999996337152e+00
-7.319999999999999840e-01 3.999999999996337152e+00
-7.319999999999999840e-01 1.999999999999727995e+00
-7.299999999999999822e-01 1.999999999999727995e+00
-7.300000000000000933e-01 9.999999999979845455e+00
-7.279999999999999805e-01 9.999999999979845455e+00
-7.279999999999999805e-01 5.999999999983597121e+00
-7.259999999999999787e-01 5.999999999983597121e+00
-7.260000000000000897e-01 5.999999999999798383e+00
-7.240000000000000879e-01 5.999999999999798383e+00
-7.240000000000000879e-01 3.999999999985606625e+00
-7.219999999999999751e-01 3.999999999985606625e+00
-7.219999999999999751e-01 9.999999999996442845e-01
-7.199999999999999734e-01 9.999999999996442845e-01
-7.200000000000000844e-01 8.999999999995299760e+00
-7.179999999999999716e-01 8.999999999995299760e+00
-7.179999999999999716e-01 4.999999999986198596e+00
-7.159999999999999698e-01 4.999999999986198596e+00
-7.160000000000000808e-01 6.999999999968916420e+00
-7.139999999999999680e-01 6.999999999968916420e+00
-7.139999999999999680e-01 3.999999999995937472e+00
-7.119999999999999662e-01 3.999999999995937472e+00
-7.120000000000000773e-01 6.999999999995340616e+00
-7.099999999999999645e-01 6.999999999995340616e+00
-7.099999999999999645e-01 3.999999999998765876e+00
-7.079999999999999627e-01 3.999999999998765876e+00
-7.080000000000000737e-01 6.999999999961342034e+00
-7.060000000000000719e-01 6.999999999961342034e+00
-7.060000000000000719e-01 3.999999999992360777e+00
-7.039999999999999591e-01 3.999999999992360777e+00
-7.039999999999999591e-01 6.999999999994948041e+00
-7.019999999999999574e-01 6.999999999994948041e+00
-7.020000000000000684e-01 5.999999999986956212e+00
-6.999999999999999556e-01 5.999999999986956212e+00
-7.000000000000000666e-01 1.099999999995476507e+01
-6.980000000000000648e-01 1.099999999995476507e+01
-6.980000000000000648e-01 5.999999999995468514e+00
-6.959999999999999520e-01 5.999999999995468514e+00
-6.959999999999999520e-01 2.999999999996010303e+00
-6.939999999999999503e-01 2.999999999996010303e+00
-6.940000000000000613e-01 2.999999999999762412e+00
-6.920000000000000595e-01 2.999999999999762412e+00
-6.920000000000000595e-01 5.999999999999236167e+00
-6.899999999999999467e-01 5.999999999999236167e+00
-6.900000000000000577e-01 9.999999999994431121e-01
-6.880000000000000560e-01 9.999999999994431121e-01
-6.880000000000000560e-01 4.999999999951175056e+00
-6.859999999999999432e-01 4.999999999951175056e+00
-6.860000000000000542e-01 4.999999999995369926e+00
-6.840000000000000524e-01 4.999999999995369926e+00
-6.840000000000000524e-01 6.999999999992979838e+00
-6.819999999999999396e-01 6.999999999992979838e+00
-6.820000000000000506e-01 7.999999999993800515e+00
-6.800000000000000488e-01 7.999999999993800515e+00
-6.800000000000000488e-01 7.999999999995678124e+00
-6.780000000000000471e-01 7.999999999995678124e+00
-6.780000000000000471e-01 3.999999999999094946e+00
-6.759999999999999343e-01 3.999999999999094946e+00
-6.760000000000000453e-01 2.999999999996900701e+00
-6.740000000000000435e-01 2.999999999996900701e+00
-6.740000000000000435e-01 1.999999999999527933e+00
-6.719999999999999307e-01 1.999999999999527933e+00
-6.720000000000000417e-01 5.999999999983767651e+00
-6.700000000000000400e-01 5.999999999983767651e+00
-6.700000000000000400e-01 5.999999999997311484e+00
-6.679999999999999272e-01 5.999999999997311484e+00
-6.680000000000000382e-01 3.999999999997013056e+00
-6.660000000000000364e-01 3.999999999997013056e+00
-6.660000000000000364e-01 4.999999999997646327e+00
-6.640000000000000346e-01 4.999999999997646327e+00
-6.640000000000001457e-01 3.999999999986165289e+00
-6.620000000000000329e-01 3.999999999986165289e+00
-6.620000000000000329e-01 8.999999999984339638e+00
-6.600000000000000311e-01 8.999999999984339638e+00
-6.600000000000000311e-01 7.999999999987156052e+00
-6.579999999999999183e-01 7.999999999987156052e+00
-6.580000000000000293e-01 1.399999999999444533e+01
-6.560000000000000275e-01 1.399999999999444533e+01
-6.560000000000000275e-01 8.999999999967407405e+00
-6.539999999999999147e-01 8.999999999967407405e+00
-6.540000000000000258e-01 8.999999999995809574e+00
-6.520000000000000240e-01 8.999999999995809574e+00
-6.520000000000000240e-01 2.999999999991988187e+00
-6.500000000000000222e-01 2.999999999991988187e+00
-6.500000000000001332e-01 2.999999999999658939e+00
-6.480000000000000204e-01 2.999999999999658939e+00
-6.480000000000000204e-01 1.999999999999101163e+00
-6.460000000000000187e-01 1.999999999999101163e+00
-6.460000000000001297e-01 4.999999999998887112e+00
-6.440000000000000169e-01 4.999999999998887112e+00
-6.440000000000000169e-01 4.999999999994895639e+00
-6.420000000000000151e-01 4.999999999994895639e+00
-6.420000000000000151e-01 9.999999999980238030e-01
-6.399999999999999023e-01 9.999999999980238030e-01
-6.400000000000000133e-01 4.999999999997579714e+00
-6.380000000000000115e-01 4.999999999997579714e+00
-6.380000000000001226e-01 1.199999999998771116e+01
-6.360000000000000098e-01 1.199999999998771116e+01
-6.360000000000000098e-01 2.999999999998410605e+00
-6.340000000000000080e-01 2.999999999998410605e+00
-6.340000000000000080e-01 7.999999999994189537e+00
-6.320000000000000062e-01 7.999999999994189537e+00
-6.320000000000001172e-01 1.199999999998990141e+01
-6.300000000000000044e-01 1.199999999998990141e+01
-6.300000000000000044e-01 7.999999999994289013e+00
-6.280000000000000027e-01 7.999999999994289013e+00
-6.280000000000001137e-01 5.999999999996264322e+00
-6.260000000000000009e-01 5.999999999996264322e+00
-6.260000000000000009e-01 4.999999999997283950e+00
-6.239999999999999991e-01 4.999999999997283950e+00
-6.239999999999999991e-01 5.999999999977880805e+00
-6.219999999999998863e-01 5.999999999977880805e+00
-6.219999999999999973e-01 3.999999999997938538e+00
-6.199999999999999956e-01 3.999999999997938538e+00
-6.200000000000001066e-01 5.999999999997228883e+00
-6.180000000000001048e-01 5.999999999997228883e+00
-6.180000000000001048e-01 1.199999999998846789e+01
-6.159999999999999920e-01 1.199999999998846789e+01
-6.159999999999999920e-01 9.999999999989054089e+00
-6.139999999999999902e-01 9.999999999989054089e+00
-6.140000000000001013e-01 5.999999999991707966e+00
-6.119999999999999885e-01 5.999999999991707966e+00
-6.119999999999999885e-01 5.999999999984730437e+00
-6.099999999999999867e-01 5.999999999984730437e+00
-6.100000000000000977e-01 6.999999999997433164e+00
-6.079999999999999849e-01 6.999999999997433164e+00
-6.079999999999999849e-01 6.999999999997690736e+00
-6.059999999999999831e-01 6.999999999997690736e+00
-6.059999999999999831e-01 6.999999999966191488e+00
-6.039999999999999813e-01 6.999999999966191488e+00
-6.040000000000000924e-01 9.999999999980513365e+00
-6.019999999999999796e-01 9.999999999980513365e+00
-6.020000000000000906e-01 4.999999999997433164e+00
-6.000000000000000888e-01 4.999999999997433164e+00
-6.000000000000000888e-01 7.999999999992613908e+00
-5.979999999999999760e-01 7.999999999992613908e+00
-5.979999999999999760e-01 2.999999999999692246e+00
-5.959999999999999742e-01 2.999999999999692246e+00
-5.960000000000000853e-01 3.999999999999414246e+00
-5.939999999999999725e-01 3.999999999999414246e+00
-5.939999999999999725e-01 6.999999999995679900e+00
-5.919999999999999707e-01 6.999999999995679900e+00
-5.920000000000000817e-01 8.999999999995466737e+00
-5.900000000000000799e-01 8.999999999995466737e+00
-5.900000000000000799e-01 5.999999999987549515e+00
-5.879999999999999671e-01 5.999999999987549515e+00
-5.879999999999999671e-01 5.999999999983637089e+00
-5.859999999999999654e-01 5.999999999983637089e+00
-5.860000000000000764e-01 1.099999999999544897e+01
-5.839999999999999636e-01 1.099999999999544897e+01
-5.840000000000000746e-01 6.999999999992662758e+00
-5.820000000000000728e-01 6.999999999992662758e+00
-5.820000000000000728e-01 9.999999999994997779e+00
-5.799999999999999600e-01 9.999999999994997779e+00
-5.799999999999999600e-01 1.299999999999024070e+01
-5.779999999999999583e-01 1.299999999999024070e+01
-5.780000000000000693e-01 4.999999999993482547e+00
-5.760000000000000675e-01 4.999999999993482547e+00
-5.760000000000000675e-01 9.999999999998695488e-01
-5.739999999999999547e-01 9.999999999998695488e-01
-5.740000000000000657e-01 1.099999999999309885e+01
-5.720000000000000639e-01 1.099999999999309885e+01
-5.720000000000000639e-01 4.999999999917953630e+00
-5.699999999999999512e-01 4.999999999917953630e+00
-5.700000000000000622e-01 1.199999999999281997e+01
-5.680000000000000604e-01 1.199999999999281997e+01
-5.680000000000000604e-01 6.999999999987091215e+00
-5.659999999999999476e-01 6.999999999987091215e+00
-5.660000000000000586e-01 7.999999999959772623e+00
-5.640000000000000568e-01 7.999999999959772623e+00
-5.640000000000000568e-01 8.999999999992860822e+00
-5.620000000000000551e-01 8.999999999992860822e+00
-5.620000000000000551e-01 6.999999999952680518e+00
-5.599999999999999423e-01 6.999999999952680518e+00
-5.600000000000000533e-01 8.999999999960094144e+00
-5.580000000000000515e-01 8.999999999960094144e+00
-5.580000000000000515e-01 6.999999999956150631e+00
-5.559999999999999387e-01 6.999999999956150631e+00
-5.560000000000000497e-01 9.999999999980905940e+00
-5.540000000000000480e-01 9.999999999980905940e+00
-5.540000000000000480e-01 5.999999999992648547e+00
-5.519999999999999352e-01 5.999999999992648547e+00
-5.519999999999999352e-01 7.999999999996904698e+00
-5.499999999999999334e-01 7.999999999996904698e+00
-5.500000000000000444e-01 3.999999999995196731e+00
-5.479999999999999316e-01 3.999999999995196731e+00
-5.480000000000000426e-01 6.999999999980722976e+00
-5.460000000000000409e-01 6.999999999980722976e+00
-5.460000000000000409e-01 1.399999999998262368e+01
-5.440000000000000391e-01 1.399999999998262368e+01
-5.440000000000000391e-01 8.999999999989350741e+00
-5.419999999999999263e-01 8.999999999989350741e+00
-5.420000000000000373e-01 4.999999999993097077e+00
-5.400000000000000355e-01 4.999999999993097077e+00
-5.400000000000001465e-01 1.099999999999088729e+01
-5.380000000000000338e-01 1.099999999999088729e+01
-5.380000000000000338e-01 6.999999999958544272e+00
-5.360000000000000320e-01 6.999999999958544272e+00
-5.360000000000000320e-01 6.999999999996950883e+00
-5.339999999999999192e-01 6.999999999996950883e+00
-5.339999999999999192e-01 7.999999999994253486e+00
-5.319999999999999174e-01 7.999999999994253486e+00
-5.320000000000000284e-01 5.999999999983828047e+00
-5.300000000000000266e-01 5.999999999983828047e+00
-5.300000000000001377e-01 7.999999999993933741e+00
-5.280000000000000249e-01 7.999999999993933741e+00
-5.280000000000000249e-01 9.999999999978122389e+00
-5.260000000000000231e-01 9.999999999978122389e+00
-5.260000000000000231e-01 8.999999999959934271e+00
-5.239999999999999103e-01 8.999999999959934271e+00
-5.240000000000000213e-01 1.299999999998720668e+01
-5.220000000000000195e-01 1.299999999998720668e+01
-5.220000000000001306e-01 1.099999999999614531e+01
-5.200000000000000178e-01 1.099999999999614531e+01
-5.200000000000000178e-01 4.999999999997811528e+00
-5.180000000000000160e-01 4.999999999997811528e+00
-5.180000000000000160e-01 9.999999999991780797e+00
-5.160000000000000142e-01 9.999999999991780797e+00
-5.160000000000001252e-01 9.999999999998847589e-01
-5.140000000000000124e-01 9.999999999998847589e-01
-5.140000000000000124e-01 7.999999999995295319e+00
-5.120000000000000107e-01 7.999999999995295319e+00
-5.120000000000001217e-01 7.999999999994908961e+00
-5.100000000000000089e-01 7.999999999994908961e+00
-5.100000000000000089e-01 8.999999999980049736e+00
-5.080000000000000071e-01 8.999999999980049736e+00
-5.080000000000000071e-01 6.999999999995585753e+00
-5.059999999999998943e-01 6.999999999995585753e+00
-5.060000000000000053e-01 7.999999999992844835e+00
-5.040000000000000036e-01 7.999999999992844835e+00
-5.040000000000001146e-01 8.999999999997870148e+00
-5.020000000000001128e-01 8.999999999997870148e+00
-5.020000000000001128e-01 9.999999999904506609e+00
-5.000000000000000000e-01 9.999999999904506609e+00
-5.000000000000000000e-01 1.199999999994547117e+01
-4.979999999999999427e-01 1.199999999994547117e+01
-4.980000000000000537e-01 1.199999999999362466e+01
-4.959999999999999964e-01 1.199999999999362466e+01
-4.960000000000001075e-01 6.999999999991511679e+00
-4.940000000000001057e-01 6.999999999991511679e+00
-4.940000000000001057e-01 6.999999999996394884e+00
-4.920000000000000484e-01 6.999999999996394884e+00
-4.920000000000000484e-01 8.999999999927268846e+00
-4.899999999999999911e-01 8.999999999927268846e+00
-4.899999999999999911e-01 7.999999999982164489e+00
-4.879999999999999338e-01 7.999999999982164489e+00
-4.880000000000000449e-01 1.199999999998809308e+01
-4.859999999999999876e-01 1.199999999998809308e+01
-4.860000000000000431e-01 1.499999999999339728e+01
-4.839999999999999858e-01 1.499999999999339728e+01
-4.840000000000000413e-01 4.999999999994185984e+00
-4.819999999999999840e-01 4.999999999994185984e+00
-4.820000000000000395e-01 1.099999999993964295e+01
-4.800000000000000377e-01 1.099999999993964295e+01
-4.800000000000000933e-01 1.099999999998002131e+01
-4.780000000000000360e-01 1.099999999998002131e+01
-4.780000000000000915e-01 8.999999999991526778e+00
-4.760000000000000342e-01 8.999999999991526778e+00
-4.760000000000000897e-01 5.999999999989467980e+00
-4.740000000000000324e-01 5.999999999989467980e+00
-4.740000000000000324e-01 9.999999999964316544e+00
-4.719999999999999751e-01 9.999999999964316544e+00
-4.720000000000000306e-01 8.999999999990468069e+00
-4.699999999999999734e-01 8.999999999990468069e+00
-4.700000000000000289e-01 1.599999999998585487e+01
-4.679999999999999716e-01 1.599999999998585487e+01
-4.680000000000000271e-01 8.999999999994154010e+00
-4.659999999999999698e-01 8.999999999994154010e+00
-4.660000000000000253e-01 6.999999999995665689e+00
-4.640000000000000235e-01 6.999999999995665689e+00
-4.640000000000000790e-01 1.199999999998371614e+01
-4.620000000000000218e-01 1.199999999998371614e+01
-4.620000000000000773e-01 1.699999999996974864e+01
-4.600000000000000200e-01 1.699999999996974864e+01
-4.600000000000000755e-01 9.999999999994489741e+00
-4.580000000000000182e-01 9.999999999994489741e+00
-4.580000000000000737e-01 1.199999999999013589e+01
-4.560000000000000164e-01 1.199999999999013589e+01
-4.560000000000000719e-01 1.299999999997667643e+01
-4.540000000000000147e-01 1.299999999997667643e+01
-4.540000000000000147e-01 4.999999999995739408e+00
-4.519999999999999574e-01 4.999999999995739408e+00
-4.520000000000000129e-01 1.599999999998598277e+01
-4.500000000000000111e-01 1.599999999998598277e+01
-4.500000000000000666e-01 1.199999999996933830e+01
-4.480000000000000093e-01 1.199999999996933830e+01
-4.480000000000000648e-01 1.099999999999064215e+01
-4.460000000000000075e-01 1.099999999999064215e+01
-4.460000000000000631e-01 9.999999999969459097e+00
-4.440000000000000058e-01 9.999999999969459097e+00
-4.440000000000000613e-01 1.299999999999184830e+01
-4.420000000000000040e-01 1.299999999999184830e+01
-4.420000000000000595e-01 1.399999999995479527e+01
-4.400000000000000022e-01 1.399999999995479527e+01
-4.400000000000000577e-01 4.999999999997208455e+00
-4.380000000000000004e-01 4.999999999997208455e+00
-4.380000000000000560e-01 1.199999999997682920e+01
-4.360000000000000542e-01 1.199999999997682920e+01
-4.360000000000000542e-01 1.699999999997864819e+01
-4.340000000000000524e-01 1.699999999997864819e+01
-4.340000000000000524e-01 1.099999999998103384e+01
-4.319999999999999951e-01 1.099999999998103384e+01
-4.320000000000000506e-01 1.799999999995776534e+01
-4.299999999999999933e-01 1.799999999995776534e+01
-4.300000000000000488e-01 1.799999999997066169e+01
-4.279999999999999916e-01 1.799999999997066169e+01
-4.280000000000000471e-01 1.499999999994145305e+01
-4.259999999999999898e-01 1.499999999994145305e+01
-4.260000000000000453e-01 1.499999999997811706e+01
-4.239999999999999880e-01 1.499999999997811706e+01
-4.240000000000000435e-01 1.499999999994908961e+01
-4.219999999999999862e-01 1.499999999994908961e+01
-4.220000000000000417e-01 2.599999999995272049e+01
-4.200000000000000400e-01 2.599999999995272049e+01
-4.200000000000000955e-01 1.199999999999317701e+01
-4.180000000000000382e-01 1.199999999999317701e+01
-4.180000000000000937e-01 2.099999999998145483e+01
-4.160000000000000364e-01 2.099999999998145483e+01
-4.160000000000000364e-01 1.199999999995653077e+01
-4.139999999999999791e-01 1.199999999995653077e+01
-4.140000000000000346e-01 1.799999999997154632e+01
-4.119999999999999774e-01 1.799999999997154632e+01
-4.120000000000000329e-01 2.099999999997710987e+01
-4.099999999999999756e-01 2.099999999997710987e+01
-4.100000000000000311e-01 1.799999999996608935e+01
-4.079999999999999738e-01 1.799999999996608935e+01
-4.080000000000000293e-01 1.499999999997470113e+01
-4.060000000000000275e-01 1.499999999997470113e+01
-4.060000000000000830e-01 1.799999999997214672e+01
-4.040000000000000258e-01 1.799999999997214672e+01
-4.040000000000000813e-01 1.599999999998420286e+01
-4.020000000000000240e-01 1.599999999998420286e+01
-4.020000000000000795e-01 1.299999999999049471e+01
-4.000000000000000222e-01 1.299999999999049471e+01
-4.000000000000000777e-01 2.599999999998014033e+01
-3.980000000000000204e-01 2.599999999998014033e+01
-3.980000000000000759e-01 1.699999999998268763e+01
-3.960000000000000187e-01 1.699999999998268763e+01
-3.960000000000000187e-01 2.799999999987662136e+01
-3.939999999999999614e-01 2.799999999987662136e+01
-3.940000000000000169e-01 1.999999999995291944e+01
-3.920000000000000151e-01 1.999999999995291944e+01
-3.920000000000000151e-01 1.099999999989567989e+01
-3.900000000000000133e-01 1.099999999989567989e+01
-3.900000000000000688e-01 2.599999999997042366e+01
-3.880000000000000115e-01 2.599999999997042366e+01
-3.880000000000000671e-01 2.499999999994329869e+01
-3.860000000000000098e-01 2.499999999994329869e+01
-3.860000000000000653e-01 2.499999999996899902e+01
-3.840000000000000080e-01 2.499999999996899902e+01
-3.840000000000000635e-01 1.799999999998203037e+01
-3.820000000000000062e-01 1.799999999998203037e+01
-3.820000000000000617e-01 2.899999999997633893e+01
-3.800000000000000044e-01 2.899999999997633893e+01
-3.800000000000000600e-01 2.099999999995873168e+01
-3.780000000000000027e-01 2.099999999995873168e+01
-3.780000000000000582e-01 2.699999999998675193e+01
-3.760000000000000564e-01 2.699999999998675193e+01
-3.760000000000000564e-01 2.199999999997501021e+01
-3.739999999999999991e-01 2.199999999997501021e+01
-3.740000000000000546e-01 2.199999999994859223e+01
-3.719999999999999973e-01 2.199999999994859223e+01
-3.720000000000000528e-01 2.099999999997509548e+01
-3.699999999999999956e-01 2.099999999997509548e+01
-3.700000000000000511e-01 2.299999999998668798e+01
-3.679999999999999938e-01 2.299999999998668798e+01
-3.680000000000000493e-01 2.199999999991517186e+01
-3.659999999999999920e-01 2.199999999991517186e+01
-3.660000000000000475e-01 2.999999999993222133e+01
-3.639999999999999902e-01 2.999999999993222133e+01
-3.640000000000000457e-01 3.499999999995706901e+01
-3.620000000000000440e-01 3.499999999995706901e+01
-3.620000000000000440e-01 2.799999999995263522e+01
-3.600000000000000422e-01 2.799999999995263522e+01
-3.600000000000000977e-01 3.099999999994995648e+01
-3.580000000000000404e-01 3.099999999994995648e+01
-3.580000000000000959e-01 3.699999999993583799e+01
-3.560000000000000386e-01 3.699999999993583799e+01
-3.560000000000000386e-01 4.199999999992220268e+01
-3.539999999999999813e-01 4.199999999992220268e+01
-3.540000000000000369e-01 3.099999999985894306e+01
-3.519999999999999796e-01 3.099999999985894306e+01
-3.520000000000000351e-01 3.499999999993570299e+01
-3.499999999999999778e-01 3.499999999993570299e+01
-3.500000000000000333e-01 3.599999999993835331e+01
-3.479999999999999760e-01 3.599999999993835331e+01
-3.480000000000000315e-01 4.399999999988983745e+01
-3.460000000000000298e-01 4.399999999988983745e+01
-3.460000000000000853e-01 4.499999999991393906e+01
-3.440000000000000280e-01 4.499999999991393906e+01
-3.440000000000000835e-01 4.599999999991959498e+01
-3.420000000000000262e-01 4.599999999991959498e+01
-3.420000000000000817e-01 3.999999999990231458e+01
-3.400000000000000244e-01 3.999999999990231458e+01
-3.400000000000000799e-01 5.199999999985585220e+01
-3.380000000000000226e-01 5.199999999985585220e+01
-3.380000000000000782e-01 6.099999999990318855e+01
-3.360000000000000209e-01 6.099999999990318855e+01
-3.360000000000000209e-01 4.899999999972666131e+01
-3.339999999999999636e-01 4.899999999972666131e+01
-3.340000000000000191e-01 3.699999999994314237e+01
-3.320000000000000173e-01 3.699999999994314237e+01
-3.320000000000000728e-01 5.799999999984044052e+01
-3.300000000000000155e-01 5.799999999984044052e+01
-3.300000000000000711e-01 5.299999999985001864e+01
-3.280000000000000138e-01 5.299999999985001864e+01
-3.280000000000000693e-01 7.199999999978052756e+01
-3.260000000000000120e-01 7.199999999978052756e+01
-3.260000000000000675e-01 6.099999999986063415e+01
-3.240000000000000102e-01 6.099999999986063415e+01
-3.240000000000000657e-01 7.699999999981936583e+01
-3.220000000000000084e-01 7.699999999981936583e+01
-3.220000000000000639e-01 8.799999999985062971e+01
-3.200000000000000067e-01 8.799999999985062971e+01
-3.200000000000000622e-01 9.799999999976090237e+01
-3.180000000000000049e-01 9.799999999976090237e+01
-3.180000000000000604e-01 1.129999999997770175e+02
-3.160000000000000586e-01 1.129999999997770175e+02
-3.160000000000000586e-01 1.259999999997821192e+02
-3.140000000000000013e-01 1.259999999997821192e+02
-3.140000000000000568e-01 1.339999999997769748e+02
-3.119999999999999996e-01 1.339999999997769748e+02
-3.120000000000000551e-01 1.369999999997020836e+02
-3.099999999999999978e-01 1.369999999997020836e+02
-3.100000000000000533e-01 1.559999999996925908e+02
-3.079999999999999960e-01 1.559999999996925908e+02
-3.080000000000001070e-01 1.759999999996370832e+02
-3.060000000000000497e-01 1.759999999996370832e+02
-3.060000000000000497e-01 1.909999999996879865e+02
-3.039999999999999925e-01 1.909999999996879865e+02
-3.039999999999999925e-01 1.969999999997003215e+02
-3.019999999999999907e-01 1.969999999997003215e+02
-3.020000000000001017e-01 2.259999999996820748e+02
-3.000000000000000444e-01 2.259999999996820748e+02
-3.000000000000000444e-01 2.459999999996830695e+02
-2.979999999999999871e-01 2.459999999996830695e+02
-2.980000000000000981e-01 2.619999999996193765e+02
-2.960000000000000409e-01 2.619999999996193765e+02
-2.960000000000000409e-01 2.949999999995487201e+02
-2.939999999999999836e-01 2.949999999995487201e+02
-2.940000000000000946e-01 2.949999999996411475e+02
-2.920000000000000373e-01 2.949999999996411475e+02
-2.920000000000000373e-01 3.419999999995669668e+02
-2.899999999999999800e-01 3.419999999995669668e+02
-2.900000000000000910e-01 3.559999999995199573e+02
-2.880000000000000338e-01 3.559999999995199573e+02
-2.880000000000000338e-01 3.859999999994520863e+02
-2.860000000000000320e-01 3.859999999994520863e+02
-2.860000000000000320e-01 4.049999999994975610e+02
-2.839999999999999747e-01 4.049999999994975610e+02
-2.840000000000000857e-01 3.969999999995426947e+02
-2.820000000000000284e-01 3.969999999995426947e+02
-2.820000000000000284e-01 4.459999999995104645e+02
-2.799999999999999711e-01 4.459999999995104645e+02
-2.800000000000000822e-01 4.549999999994915925e+02
-2.780000000000000249e-01 4.549999999994915925e+02
-2.780000000000000249e-01 5.009999999994400923e+02
-2.759999999999999676e-01 5.009999999994400923e+02
-2.760000000000000786e-01 4.559999999995227427e+02
-2.740000000000000213e-01 4.559999999995227427e+02
-2.740000000000000213e-01 5.149999999994740847e+02
-2.720000000000000195e-01 5.149999999994740847e+02
-2.720000000000001306e-01 5.549999999994115569e+02
-2.700000000000000733e-01 5.549999999994115569e+02
-2.700000000000000733e-01 5.529999999993493702e+02
-2.680000000000000160e-01 5.529999999993493702e+02
-2.680000000000000160e-01 6.009999999993276560e+02
-2.659999999999999587e-01 6.009999999993276560e+02
-2.660000000000000697e-01 6.099999999993284518e+02
-2.640000000000000124e-01 6.099999999993284518e+02
-2.640000000000000124e-01 6.429999999990238848e+02
-2.619999999999999551e-01 6.429999999990238848e+02
-2.620000000000000662e-01 5.739999999992029416e+02
-2.600000000000000089e-01 5.739999999992029416e+02
-2.600000000000000089e-01 6.109999999991586037e+02
-2.580000000000000071e-01 6.109999999991586037e+02
-2.580000000000001181e-01 6.199999999992809308e+02
-2.560000000000000608e-01 6.199999999992809308e+02
-2.560000000000000608e-01 6.339999999991111963e+02
-2.540000000000000036e-01 6.339999999991111963e+02
-2.540000000000001146e-01 6.809999999991055120e+02
-2.520000000000000573e-01 6.809999999991055120e+02
-2.520000000000000573e-01 6.909999999991879349e+02
-2.500000000000000000e-01 6.909999999991879349e+02
-2.500000000000001110e-01 6.669999999990017159e+02
-2.480000000000000537e-01 6.669999999990017159e+02
-2.480000000000000537e-01 6.729999999991709956e+02
-2.460000000000000242e-01 6.729999999991709956e+02
-2.460000000000000242e-01 6.659999999991064215e+02
-2.439999999999999669e-01 6.659999999991064215e+02
-2.440000000000000779e-01 6.369999999990923243e+02
-2.420000000000000207e-01 6.369999999990923243e+02
-2.420000000000000207e-01 6.449999999990360493e+02
-2.399999999999999911e-01 6.449999999990360493e+02
-2.400000000000000744e-01 6.919999999990222932e+02
-2.380000000000000449e-01 6.919999999990222932e+02
-2.380000000000000449e-01 7.009999999991156301e+02
-2.359999999999999876e-01 7.009999999991156301e+02
-2.360000000000000986e-01 6.759999999991138111e+02
-2.340000000000000413e-01 6.759999999991138111e+02
-2.340000000000000413e-01 6.599999999990529886e+02
-2.320000000000000118e-01 6.599999999990529886e+02
-2.320000000000001228e-01 6.859999999989070147e+02
-2.300000000000000655e-01 6.859999999989070147e+02
-2.300000000000000655e-01 6.919999999990792503e+02
-2.280000000000000082e-01 6.919999999990792503e+02
-2.280000000000000082e-01 6.899999999987818455e+02
-2.259999999999999509e-01 6.899999999987818455e+02
-2.260000000000000620e-01 6.299999999990579909e+02
-2.240000000000000324e-01 6.299999999990579909e+02
-2.240000000000000324e-01 6.899999999989696562e+02
-2.219999999999999751e-01 6.899999999989696562e+02
-2.220000000000000862e-01 7.049999999988140189e+02
-2.200000000000000289e-01 7.049999999988140189e+02
-2.200000000000000289e-01 6.579999999988634727e+02
-2.179999999999999993e-01 6.579999999988634727e+02
-2.180000000000000826e-01 6.749999999989080379e+02
-2.160000000000000531e-01 6.749999999989080379e+02
-2.160000000000000531e-01 7.179999999987247747e+02
-2.139999999999999958e-01 7.179999999987247747e+02
-2.140000000000001068e-01 7.079999999985441264e+02
-2.120000000000000495e-01 7.079999999985441264e+02
-2.120000000000000495e-01 7.129999999987762749e+02
-2.100000000000000200e-01 7.129999999987762749e+02
-2.100000000000001310e-01 7.279999999986548573e+02
-2.080000000000000737e-01 7.279999999986548573e+02
-2.080000000000000737e-01 7.239999999987610408e+02
-2.060000000000000164e-01 7.239999999987610408e+02
-2.060000000000000164e-01 6.379999999987603587e+02
-2.039999999999999591e-01 6.379999999987603587e+02
-2.040000000000000702e-01 7.269999999987793444e+02
-2.020000000000000406e-01 7.269999999987793444e+02
-2.020000000000000406e-01 6.899999999988031050e+02
-1.999999999999999833e-01 6.899999999988031050e+02
-2.000000000000000944e-01 7.369999999983668886e+02
-1.980000000000000371e-01 7.369999999983668886e+02
-1.980000000000000371e-01 7.239999999985383283e+02
-1.960000000000000075e-01 7.239999999985383283e+02
-1.960000000000000908e-01 6.859999999986912371e+02
-1.940000000000000613e-01 6.859999999986912371e+02
-1.940000000000000613e-01 7.099999999986580406e+02
-1.920000000000000040e-01 7.099999999986580406e+02
-1.920000000000001150e-01 7.629999999988176569e+02
-1.900000000000000577e-01 7.629999999988176569e+02
-1.900000000000000577e-01 7.119999999986848707e+02
-1.880000000000000282e-01 7.119999999986848707e+02
-1.880000000000000282e-01 7.709999999976463414e+02
-1.859999999999999709e-01 7.709999999976463414e+02
-1.860000000000000819e-01 7.789999999983799626e+02
-1.840000000000000246e-01 7.789999999983799626e+02
-1.840000000000000246e-01 7.369999999984220267e+02
-1.819999999999999674e-01 7.369999999984220267e+02
-1.820000000000000784e-01 7.579999999979917220e+02
-1.800000000000000488e-01 7.579999999979917220e+02
-1.800000000000000488e-01 7.619999999983851922e+02
-1.779999999999999916e-01 7.619999999983851922e+02
-1.780000000000001026e-01 7.399999999984851229e+02
-1.760000000000000453e-01 7.399999999984851229e+02
-1.760000000000000453e-01 7.299999999983775751e+02
-1.739999999999999880e-01 7.299999999983775751e+02
-1.740000000000000990e-01 7.249999999981548626e+02
-1.720000000000000695e-01 7.249999999981548626e+02
-1.720000000000000695e-01 7.529999999982957206e+02
-1.700000000000000122e-01 7.529999999982957206e+02
-1.700000000000001232e-01 7.479999999984058832e+02
-1.680000000000000659e-01 7.479999999984058832e+02
-1.680000000000000659e-01 7.559999999984032684e+02
-1.660000000000000364e-01 7.559999999984032684e+02
-1.660000000000000364e-01 7.389999999981802148e+02
-1.639999999999999791e-01 7.389999999981802148e+02
-1.640000000000000902e-01 7.139999999980555003e+02
-1.620000000000000329e-01 7.139999999980555003e+02
-1.620000000000000329e-01 7.689999999981595238e+02
-1.599999999999999756e-01 7.689999999981595238e+02
-1.600000000000000866e-01 7.339999999981945393e+02
-1.580000000000000571e-01 7.339999999981945393e+02
-1.580000000000000571e-01 7.659999999983052703e+02
-1.559999999999999998e-01 7.659999999983052703e+02
-1.560000000000001108e-01 7.349999999981466772e+02
-1.540000000000000535e-01 7.349999999981466772e+02
-1.540000000000000535e-01 7.669999999978331289e+02
-1.519999999999999962e-01 7.669999999978331289e+02
-1.520000000000001072e-01 7.429999999981391738e+02
-1.500000000000000777e-01 7.429999999981391738e+02
-1.500000000000000777e-01 7.389999999980698249e+02
-1.480000000000000204e-01 7.389999999980698249e+02
-1.480000000000000204e-01 7.899999999977532070e+02
-1.459999999999999631e-01 7.899999999977532070e+02
-1.460000000000000742e-01 8.349999999982330792e+02
-1.440000000000000169e-01 8.349999999982330792e+02
-1.440000000000000169e-01 7.969999999985639079e+02
-1.419999999999999873e-01 7.969999999985639079e+02
-1.420000000000000984e-01 7.699999999982335339e+02
-1.400000000000000411e-01 7.699999999982335339e+02
-1.400000000000000411e-01 7.739999999983667749e+02
-1.379999999999999838e-01 7.739999999983667749e+02
-1.380000000000000948e-01 7.719999999981051815e+02
-1.360000000000000653e-01 7.719999999981051815e+02
-1.360000000000000653e-01 7.979999999983549515e+02
-1.340000000000000080e-01 7.979999999983549515e+02
-1.340000000000001190e-01 7.809999999982852614e+02
-1.320000000000000617e-01 7.809999999982852614e+02
-1.320000000000000617e-01 7.429999999984124770e+02
-1.300000000000000044e-01 7.429999999984124770e+02
-1.300000000000000044e-01 7.969999999982990175e+02
-1.279999999999999749e-01 7.969999999982990175e+02
-1.280000000000000859e-01 7.869999999982945837e+02
-1.260000000000000286e-01 7.869999999982945837e+02
-1.260000000000000286e-01 7.929999999980839220e+02
-1.239999999999999714e-01 7.929999999980839220e+02
-1.240000000000000824e-01 8.479999999978392680e+02
-1.220000000000000390e-01 8.479999999978392680e+02
-1.220000000000000390e-01 7.619999999982716190e+02
-1.199999999999999956e-01 7.619999999982716190e+02
-1.200000000000000927e-01 7.619999999982472900e+02
-1.180000000000000493e-01 7.619999999982472900e+02
-1.180000000000000493e-01 8.129999999981565679e+02
-1.160000000000000059e-01 8.129999999981565679e+02
-1.160000000000001030e-01 8.289999999982188683e+02
-1.140000000000000596e-01 8.289999999982188683e+02
-1.140000000000000596e-01 7.889999999981662313e+02
-1.120000000000000162e-01 7.889999999981662313e+02
-1.120000000000001272e-01 8.029999999981978362e+02
-1.100000000000000699e-01 8.029999999981978362e+02
-1.100000000000000699e-01 7.919999999982716190e+02
-1.080000000000000265e-01 7.919999999982716190e+02
-1.080000000000000265e-01 8.319999999983523367e+02
-1.059999999999999692e-01 8.319999999983523367e+02
-1.060000000000000803e-01 7.799999999980979055e+02
-1.040000000000000369e-01 7.799999999980979055e+02
-1.040000000000000369e-01 7.709999999983865564e+02
-1.019999999999999796e-01 7.709999999983865564e+02
-1.020000000000000906e-01 7.799999999978705318e+02
-1.000000000000000472e-01 7.799999999978705318e+02
-1.000000000000000472e-01 8.799999999981691872e+02
-9.800000000000000377e-02 8.799999999981691872e+02
-9.800000000000010092e-02 7.789999999988174295e+02
-9.600000000000005751e-02 7.789999999988174295e+02
-9.600000000000005751e-02 7.979999999980149141e+02
-9.400000000000001410e-02 7.979999999980149141e+02
-9.400000000000011124e-02 8.319999999981303063e+02
-9.200000000000006783e-02 8.319999999981303063e+02
-9.200000000000006783e-02 8.089999999983352836e+02
-9.000000000000002442e-02 8.089999999983352836e+02
-9.000000000000002442e-02 7.929999999983061798e+02
-8.799999999999996714e-02 7.929999999983061798e+02
-8.800000000000007816e-02 8.339999999980088887e+02
-8.600000000000003475e-02 8.339999999980088887e+02
-8.600000000000003475e-02 7.499999999981704377e+02
-8.399999999999997746e-02 7.499999999981704377e+02
-8.400000000000008848e-02 8.399999999982716190e+02
-8.200000000000004508e-02 8.399999999982716190e+02
-8.200000000000004508e-02 8.479999999981712335e+02
-7.999999999999998779e-02 8.479999999981712335e+02
-8.000000000000009881e-02 7.739999999985120667e+02
-7.800000000000005540e-02 7.739999999985120667e+02
-7.800000000000005540e-02 8.029999999982643430e+02
-7.599999999999999811e-02 8.029999999982643430e+02
-7.600000000000010913e-02 8.409999999979443146e+02
-7.400000000000006573e-02 8.409999999979443146e+02
-7.400000000000006573e-02 7.999999999978309688e+02
-7.200000000000000844e-02 7.999999999978309688e+02
-7.200000000000011946e-02 8.419999999979368113e+02
-7.000000000000007605e-02 8.419999999979368113e+02
-7.000000000000007605e-02 8.509999999979575023e+02
-6.800000000000003264e-02 8.509999999979575023e+02
-6.800000000000003264e-02 8.559999999979140739e+02
-6.599999999999997535e-02 8.559999999979140739e+02
-6.600000000000008638e-02 8.219999999981397423e+02
-6.400000000000004297e-02 8.219999999981397423e+02
-6.400000000000004297e-02 8.309999999976339495e+02
-6.199999999999998568e-02 8.309999999976339495e+02
-6.200000000000009670e-02 8.259999999982594545e+02
-6.000000000000004635e-02 8.259999999982594545e+02
-6.000000000000004635e-02 8.319999999980924485e+02
-5.800000000000000294e-02 8.319999999980924485e+02
-5.800000000000010703e-02 8.659999999980345819e+02
-5.600000000000006362e-02 8.659999999980345819e+02
-5.600000000000006362e-02 8.569999999984430588e+02
-5.400000000000001327e-02 8.569999999984430588e+02
-5.400000000000011735e-02 8.719999999980348093e+02
-5.200000000000007394e-02 8.719999999980348093e+02
-5.200000000000007394e-02 8.379999999981616838e+02
-5.000000000000002359e-02 8.379999999981616838e+02
-5.000000000000002359e-02 8.529999999980369694e+02
-4.799999999999997324e-02 8.529999999980369694e+02
-4.800000000000008427e-02 8.319999999980872190e+02
-4.600000000000003392e-02 8.319999999980872190e+02
-4.600000000000003392e-02 8.559999999979722816e+02
-4.399999999999998357e-02 8.559999999979722816e+02
-4.400000000000009459e-02 8.449999999982396730e+02
-4.200000000000004424e-02 8.449999999982396730e+02
-4.200000000000004424e-02 8.949999999985381010e+02
-3.999999999999999389e-02 8.949999999985381010e+02
-4.000000000000010492e-02 8.189999999984138412e+02
-3.800000000000005457e-02 8.189999999984138412e+02
-3.800000000000005457e-02 8.849999999976701019e+02
-3.600000000000000422e-02 8.849999999976701019e+02
-3.600000000000011524e-02 9.109999999981744168e+02
-3.400000000000006489e-02 9.109999999981744168e+02
-3.400000000000006489e-02 8.769999999984546548e+02
-3.200000000000002148e-02 8.769999999984546548e+02
-3.200000000000002148e-02 8.599999999982046575e+02
-2.999999999999997113e-02 8.599999999982046575e+02
-3.000000000000007869e-02 8.289999999983251655e+02
-2.800000000000003181e-02 8.289999999983251655e+02
-2.800000000000003181e-02 8.339999999981952215e+02
-2.599999999999998146e-02 8.339999999981952215e+02
-2.600000000000008901e-02 8.589999999984498800e+02
-2.400000000000004213e-02 8.589999999984498800e+02
-2.400000000000004213e-02 8.419999999979683025e+02
-2.199999999999999178e-02 8.419999999979683025e+02
-2.200000000000010281e-02 8.809999999983110683e+02
-2.000000000000005246e-02 8.809999999983110683e+02
-2.000000000000005246e-02 8.519999999982708232e+02
-1.800000000000000211e-02 8.519999999982708232e+02
-1.800000000000011313e-02 8.439999999983577936e+02
-1.600000000000006278e-02 8.439999999983577936e+02
-1.600000000000006278e-02 8.889999999981396286e+02
-1.400000000000001590e-02 8.889999999981396286e+02
-1.400000000000012346e-02 8.999999999981143901e+02
-1.200000000000007484e-02 8.999999999981143901e+02
-1.200000000000007484e-02 8.759999999982658210e+02
-1.000000000000002623e-02 8.759999999982658210e+02
-1.000000000000002623e-02 8.589999999978847427e+02
-7.999999999999977615e-03 8.589999999978847427e+02
-8.000000000000086903e-03 8.739999999981040446e+02
-6.000000000000037421e-03 8.739999999981040446e+02
-6.000000000000037421e-03 8.689999999976790832e+02
-3.999999999999988808e-03 8.689999999976790832e+02
-4.000000000000097228e-03 8.589999999978738288e+02
-2.000000000000048614e-03 8.589999999978738288e+02
-2.000000000000048614e-03 9.119999999981771452e+02
0.000000000000000000e+00 9.119999999981771452e+02
-1.084202172485504434e-16 9.069999999980782377e+02
1.999999999999940194e-03 9.069999999980782377e+02
1.999999999999940194e-03 8.559999999982114787e+02
3.999999999999988808e-03 8.559999999982114787e+02
3.999999999999880387e-03 8.949999999981400833e+02
5.999999999999929001e-03 8.949999999981400833e+02
5.999999999999929001e-03 9.019999999980994971e+02
7.999999999999977615e-03 9.019999999980994971e+02
7.999999999999977615e-03 8.439999999982853751e+02
1.000000000000002623e-02 8.439999999982853751e+02
9.999999999999918676e-03 9.449999999982655936e+02
1.199999999999996556e-02 9.449999999982655936e+02
1.199999999999996556e-02 9.459999999980097982e+02
1.400000000000001590e-02 9.459999999980097982e+02
1.399999999999990662e-02 8.829999999982159125e+02
1.599999999999995523e-02 8.829999999982159125e+02
1.599999999999995523e-02 8.739999999981437213e+02
1.800000000000000211e-02 8.739999999981437213e+02
1.799999999999989456e-02 9.009999999980337861e+02
1.999999999999994491e-02 9.009999999980337861e+02
1.999999999999994491e-02 8.369999999981321253e+02
2.199999999999999178e-02 8.369999999981321253e+02
2.199999999999988423e-02 8.599999999983142516e+02
2.399999999999993111e-02 8.599999999983142516e+02
2.399999999999993111e-02 9.379999999978961114e+02
2.599999999999998146e-02 9.379999999978961114e+02
2.599999999999987391e-02 8.659999999983414227e+02
2.799999999999992079e-02 8.659999999983414227e+02
2.799999999999992079e-02 8.849999999983097041e+02
2.999999999999997113e-02 8.849999999983097041e+02
2.999999999999997113e-02 9.249999999981886276e+02
3.200000000000002148e-02 9.249999999981886276e+02
3.199999999999991046e-02 9.099999999981744168e+02
3.399999999999996081e-02 9.099999999981744168e+02
3.399999999999996081e-02 8.819999999983832595e+02
3.600000000000000422e-02 8.819999999983832595e+02
3.599999999999990014e-02 8.679999999982819645e+02
3.799999999999995048e-02 8.679999999982819645e+02
3.799999999999995048e-02 9.099999999982618419e+02
3.999999999999999389e-02 9.099999999982618419e+02
3.999999999999988981e-02 9.459999999984424903e+02
4.199999999999994016e-02 9.459999999984424903e+02
4.199999999999994016e-02 9.029999999981214387e+02
4.399999999999998357e-02 9.029999999981214387e+02
4.399999999999987949e-02 9.349999999982372856e+02
4.599999999999992290e-02 9.349999999982372856e+02
4.599999999999992290e-02 8.939999999980300345e+02
4.799999999999997324e-02 8.939999999980300345e+02
4.799999999999997324e-02 9.259999999981265546e+02
5.000000000000002359e-02 9.259999999981265546e+02
4.999999999999991257e-02 9.819999999980220764e+02
5.199999999999996292e-02 9.819999999980220764e+02
5.199999999999996292e-02 9.569999999981196197e+02
5.400000000000001327e-02 9.569999999981196197e+02
5.399999999999990224e-02 9.799999999978970209e+02
5.599999999999995259e-02 9.799999999978970209e+02
5.599999999999995259e-02 9.219999999985315071e+02
5.800000000000000294e-02 9.219999999985315071e+02
5.799999999999989192e-02 9.239999999981971541e+02
5.999999999999994227e-02 9.239999999981971541e+02
5.999999999999994227e-02 9.549999999981597512e+02
6.199999999999998568e-02 9.549999999981597512e+02
6.199999999999988159e-02 9.899999999983317593e+02
6.399999999999993194e-02 9.899999999983317593e+02
6.399999999999993194e-02 9.719999999981528163e+02
6.599999999999997535e-02 9.719999999981528163e+02
6.599999999999986433e-02 9.519999999979997938e+02
6.799999999999992162e-02 9.519999999979997938e+02
6.799999999999992162e-02 9.079999999979794438e+02
6.999999999999996503e-02 9.079999999979794438e+02
6.999999999999996503e-02 9.059999999983017460e+02
7.200000000000000844e-02 9.059999999983017460e+02
7.199999999999991129e-02 9.379999999978180085e+02
7.399999999999995470e-02 9.379999999978180085e+02
7.399999999999995470e-02 8.979999999984592023e+02
7.599999999999999811e-02 8.979999999984592023e+02
7.599999999999990097e-02 9.249999999980840357e+02
7.799999999999994438e-02 9.249999999980840357e+02
7.799999999999994438e-02 9.639999999984476062e+02
7.999999999999998779e-02 9.639999999984476062e+02
7.999999999999989064e-02 9.939999999979877430e+02
8.199999999999993405e-02 9.939999999979877430e+02
8.199999999999993405e-02 9.659999999981847623e+02
8.399999999999997746e-02 9.659999999981847623e+02
8.399999999999988032e-02 9.169999999983648422e+02
8.599999999999992373e-02 9.169999999983648422e+02
8.599999999999992373e-02 9.649999999981614565e+02
8.799999999999996714e-02 9.649999999981614565e+02
8.799999999999996714e-02 9.929999999982217105e+02
9.000000000000002442e-02 9.929999999982217105e+02
8.999999999999991340e-02 9.519999999982101144e+02
9.199999999999995681e-02 9.519999999982101144e+02
9.199999999999995681e-02 1.011999999998154635e+03
9.400000000000001410e-02 1.011999999998154635e+03
9.399999999999990308e-02 9.599999999983606358e+02
9.599999999999994649e-02 9.599999999983606358e+02
9.599999999999994649e-02 9.389999999985159320e+02
9.800000000000000377e-02 9.389999999985159320e+02
9.799999999999989275e-02 9.379999999984456736e+02
9.999999999999993616e-02 9.379999999984456736e+02
9.999999999999993616e-02 1.006999999998336534e+03
1.019999999999999796e-01 1.006999999998336534e+03
1.019999999999998824e-01 9.959999999982958343e+02
1.039999999999999258e-01 9.959999999982958343e+02
1.039999999999999258e-01 9.489999999983455155e+02
1.059999999999999692e-01 9.489999999983455155e+02
1.059999999999999692e-01 9.529999999978679170e+02
1.080000000000000265e-01 9.529999999978679170e+02
1.079999999999999155e-01 9.819999999980759640e+02
1.099999999999999589e-01 9.819999999980759640e+02
1.099999999999999589e-01 9.829999999981308747e+02
1.120000000000000162e-01 9.829999999981308747e+02
1.119999999999999052e-01 1.003999999997940108e+03
1.139999999999999486e-01 1.003999999997940108e+03
1.139999999999999486e-01 9.309999999983721182e+02
1.160000000000000059e-01 9.309999999983721182e+02
1.159999999999998949e-01 9.509999999981705514e+02
1.179999999999999383e-01 9.509999999981705514e+02
1.179999999999999383e-01 9.739999999982732106e+02
1.199999999999999956e-01 9.739999999982732106e+02
1.199999999999998845e-01 1.042999999997966370e+03
1.219999999999999279e-01 1.042999999997966370e+03
1.219999999999999279e-01 1.009999999998003204e+03
1.239999999999999714e-01 1.009999999998003204e+03
1.239999999999998742e-01 1.012999999998080739e+03
1.259999999999999176e-01 1.012999999998080739e+03
1.259999999999999176e-01 1.007999999998085059e+03
1.279999999999999749e-01 1.007999999998085059e+03
1.279999999999999749e-01 9.609999999979861514e+02
1.300000000000000044e-01 9.609999999979861514e+02
1.299999999999998934e-01 9.949999999983421048e+02
1.319999999999999507e-01 9.949999999983421048e+02
1.319999999999999507e-01 9.719999999982680947e+02
1.340000000000000080e-01 9.719999999982680947e+02
1.339999999999998970e-01 9.989999999981306473e+02
1.359999999999999543e-01 9.989999999981306473e+02
1.359999999999999543e-01 9.789999999982745749e+02
1.379999999999999838e-01 9.789999999982745749e+02
1.379999999999998728e-01 1.028999999998238081e+03
1.399999999999999301e-01 1.028999999998238081e+03
1.399999999999999301e-01 1.059999999998332669e+03
1.419999999999999873e-01 1.059999999998332669e+03
1.419999999999998763e-01 1.046999999998180556e+03
1.439999999999999336e-01 1.046999999998180556e+03
1.439999999999999336e-01 9.879999999981257588e+02
1.459999999999999631e-01 9.879999999981257588e+02
1.459999999999999631e-01 1.041999999998298108e+03
1.480000000000000204e-01 1.041999999998298108e+03
1.479999999999999094e-01 9.679999999983666612e+02
1.499999999999999667e-01 9.679999999983666612e+02
1.499999999999999667e-01 1.015999999998306180e+03
1.519999999999999962e-01 1.015999999998306180e+03
1.519999999999999130e-01 9.849999999981229166e+02
1.539999999999999425e-01 9.849999999981229166e+02
1.539999999999999425e-01 1.055999999997975010e+03
1.559999999999999998e-01 1.055999999997975010e+03
1.559999999999998888e-01 1.037999999998571184e+03
1.579999999999999460e-01 1.037999999998571184e+03
1.579999999999999460e-01 1.061999999998032763e+03
1.599999999999999756e-01 1.061999999998032763e+03
1.599999999999998646e-01 1.038999999998482735e+03
1.619999999999999218e-01 1.038999999998482735e+03
1.619999999999999218e-01 1.052999999998134399e+03
1.639999999999999791e-01 1.052999999998134399e+03
1.639999999999998681e-01 9.239999999986406465e+02
1.659999999999999254e-01 9.239999999986406465e+02
1.659999999999999254e-01 1.095999999997890654e+03
1.679999999999999549e-01 1.095999999997890654e+03
1.679999999999999549e-01 1.007999999998473641e+03
1.700000000000000122e-01 1.007999999998473641e+03
1.699999999999999012e-01 9.919999999984989927e+02
1.719999999999999585e-01 9.919999999984989927e+02
1.719999999999999585e-01 9.569999999985070644e+02
1.739999999999999880e-01 9.569999999985070644e+02
1.739999999999999047e-01 1.038999999998351541e+03
1.759999999999999343e-01 1.038999999998351541e+03
1.759999999999999343e-01 8.999999999986850980e+02
1.779999999999999916e-01 8.999999999986850980e+02
1.779999999999998805e-01 9.599999999981420160e+02
1.799999999999999378e-01 9.599999999981420160e+02
1.799999999999999378e-01 9.519999999986907824e+02
1.819999999999999674e-01 9.519999999986907824e+02
1.819999999999999674e-01 9.589999999984751184e+02
1.840000000000000246e-01 9.589999999984751184e+02
1.839999999999998026e-01 9.469999999984239594e+02
1.859999999999998599e-01 9.469999999984239594e+02
1.859999999999998599e-01 9.429999999984639771e+02
1.879999999999999172e-01 9.429999999984639771e+02
1.879999999999999172e-01 9.059999999986730472e+02
1.899999999999999467e-01 9.059999999986730472e+02
1.899999999999999467e-01 8.799999999988385753e+02
1.920000000000000040e-01 8.799999999988385753e+02
1.920000000000000040e-01 8.649999999987426236e+02
1.940000000000000613e-01 8.649999999987426236e+02
1.939999999999998392e-01 7.719999999988156105e+02
1.959999999999998965e-01 7.719999999988156105e+02
1.959999999999998965e-01 8.229999999984387387e+02
1.979999999999999261e-01 8.229999999984387387e+02
1.979999999999999261e-01 7.339999999987659294e+02
1.999999999999999833e-01 7.339999999987659294e+02
1.999999999999999833e-01 6.879999999986193870e+02
2.020000000000000406e-01 6.879999999986193870e+02
2.019999999999998186e-01 7.179999999985935801e+02
2.039999999999998759e-01 7.179999999985935801e+02
2.039999999999998759e-01 7.099999999987378487e+02
2.059999999999999054e-01 7.099999999987378487e+02
2.059999999999999054e-01 6.429999999988035597e+02
2.079999999999999627e-01 6.429999999988035597e+02
2.079999999999999627e-01 6.439999999986885086e+02
2.100000000000000200e-01 6.439999999986885086e+02
2.100000000000000200e-01 6.299999999987728643e+02
2.120000000000000495e-01 6.299999999987728643e+02
2.119999999999998275e-01 5.289999999987492174e+02
2.139999999999998848e-01 5.289999999987492174e+02
2.139999999999998848e-01 5.299999999986607691e+02
2.159999999999999420e-01 5.299999999986607691e+02
2.159999999999999420e-01 4.949999999988572199e+02
2.179999999999999993e-01 4.949999999988572199e+02
2.179999999999999993e-01 4.599999999988767740e+02
2.200000000000000289e-01 4.599999999988767740e+02
2.199999999999998068e-01 4.109999999989499315e+02
2.219999999999998641e-01 4.109999999989499315e+02
2.219999999999998641e-01 4.029999999989545358e+02
2.239999999999999214e-01 4.029999999989545358e+02
2.239999999999999214e-01 3.389999999990115498e+02
2.259999999999999509e-01 3.389999999990115498e+02
2.259999999999999509e-01 3.349999999991574100e+02
2.280000000000000082e-01 3.349999999991574100e+02
2.280000000000000082e-01 3.129999999989992148e+02
2.300000000000000655e-01 3.129999999989992148e+02
2.299999999999998435e-01 2.479999999991953530e+02
2.319999999999999007e-01 2.479999999991953530e+02
2.319999999999999007e-01 2.389999999992134008e+02
2.339999999999999303e-01 2.389999999992134008e+02
2.339999999999999303e-01 2.299999999992326707e+02
2.359999999999999876e-01 2.299999999992326707e+02
2.359999999999999876e-01 2.039999999991194102e+02
2.380000000000000449e-01 2.039999999991194102e+02
2.379999999999998228e-01 1.909999999994254836e+02
2.399999999999998801e-01 1.909999999994254836e+02
2.399999999999998801e-01 1.649999999995242206e+02
2.419999999999999096e-01 1.649999999995242206e+02
2.419999999999999096e-01 1.639999999990202753e+02
2.439999999999999669e-01 1.639999999990202753e+02
2.439999999999999669e-01 1.359999999993277413e+02
2.460000000000000242e-01 1.359999999993277413e+02
2.460000000000000242e-01 1.499999999990153015e+02
2.480000000000000537e-01 1.499999999990153015e+02
2.479999999999998594e-01 1.299999999993040660e+02
2.499999999999998890e-01 1.299999999993040660e+02
2.499999999999998890e-01 1.049999999991096757e+02
2.519999999999999463e-01 1.049999999991096757e+02
2.519999999999999463e-01 1.019999999994629150e+02
2.540000000000000036e-01 1.019999999994629150e+02
2.540000000000000036e-01 9.299999999926845362e+01
2.560000000000000608e-01 9.299999999926845362e+01
2.559999999999998388e-01 1.059999999990922106e+02
2.579999999999998961e-01 1.059999999990922106e+02
2.579999999999998961e-01 8.799999999948514073e+01
2.599999999999998979e-01 8.799999999948514073e+01
2.599999999999998979e-01 9.499999999928940042e+01
2.619999999999999551e-01 9.499999999928940042e+01
2.619999999999999551e-01 7.799999999920795801e+01
2.640000000000000124e-01 7.799999999920795801e+01
2.640000000000000124e-01 8.299999999925256589e+01
2.660000000000000697e-01 8.299999999925256589e+01
2.659999999999998477e-01 8.199999999968034103e+01
2.679999999999999050e-01 8.199999999968034103e+01
2.679999999999999050e-01 7.799999999923643657e+01
2.699999999999999623e-01 7.799999999923643657e+01
2.699999999999999623e-01 7.799999999966648545e+01
2.720000000000000195e-01 7.799999999966648545e+01
2.720000000000000195e-01 8.099999999940710893e+01
2.740000000000000213e-01 8.099999999940710893e+01
2.739999999999998548e-01 7.599999999922333416e+01
2.759999999999998566e-01 7.599999999922333416e+01
2.759999999999998566e-01 9.399999999960760988e+01
2.779999999999999138e-01 9.399999999960760988e+01
2.779999999999999138e-01 7.799999999938837902e+01
2.799999999999999711e-01 7.799999999938837902e+01
2.799999999999999711e-01 7.499999999956109775e+01
2.820000000000000284e-01 7.499999999956109775e+01
2.819999999999998064e-01 6.399999999964534680e+01
2.839999999999998637e-01 6.399999999964534680e+01
2.839999999999998637e-01 7.399999999962319919e+01
2.859999999999999210e-01 7.399999999962319919e+01
2.859999999999999210e-01 6.099999999955274887e+01
2.879999999999999782e-01 6.099999999955274887e+01
2.879999999999999782e-01 5.599999999972430231e+01
2.899999999999999800e-01 5.599999999972430231e+01
2.899999999999999800e-01 6.199999999970537345e+01
2.920000000000000373e-01 6.199999999970537345e+01
2.919999999999998153e-01 6.299999999960321162e+01
2.939999999999998725e-01 6.299999999960321162e+01
2.939999999999998725e-01 4.999999999991565858e+01
2.959999999999999298e-01 4.999999999991565858e+01
2.959999999999999298e-01 4.499999999972176568e+01
2.979999999999999871e-01 4.499999999972176568e+01
2.979999999999999871e-01 4.799999999969686826e+01
3.000000000000000444e-01 4.799999999969686826e+01
2.999999999999998224e-01 3.999999999974930631e+01
3.019999999999998797e-01 3.999999999974930631e+01
3.019999999999998797e-01 3.799999999977899989e+01
3.039999999999998814e-01 3.799999999977899989e+01
3.039999999999998814e-01 3.799999999970209785e+01
3.059999999999999387e-01 3.799999999970209785e+01
3.059999999999999387e-01 3.699999999978003018e+01
3.079999999999999960e-01 3.699999999978003018e+01
3.079999999999999960e-01 3.299999999996932587e+01
3.100000000000000533e-01 3.299999999996932587e+01
3.099999999999998312e-01 4.399999999975708675e+01
3.119999999999998885e-01 4.399999999975708675e+01
3.119999999999998885e-01 3.099999999974220444e+01
3.139999999999999458e-01 3.099999999974220444e+01
3.139999999999999458e-01 2.799999999997820410e+01
3.160000000000000031e-01 2.799999999997820410e+01
3.160000000000000031e-01 2.499999999987773336e+01
3.180000000000000049e-01 2.499999999987773336e+01
3.179999999999998384e-01 3.699999999960787278e+01
3.199999999999998401e-01 3.699999999960787278e+01
3.199999999999998401e-01 2.999999999990247090e+01
3.219999999999998974e-01 2.999999999990247090e+01
3.219999999999998974e-01 2.699999999996695266e+01
3.239999999999999547e-01 2.699999999996695266e+01
3.239999999999999547e-01 3.199999999996511235e+01
3.260000000000000120e-01 3.199999999996511235e+01
3.260000000000000120e-01 2.099999999993833555e+01
3.280000000000000693e-01 2.099999999993833555e+01
3.279999999999998472e-01 2.399999999997095657e+01
3.299999999999999045e-01 2.399999999997095657e+01
3.299999999999999045e-01 3.399999999988511945e+01
3.319999999999999618e-01 3.399999999988511945e+01
3.319999999999999618e-01 3.399999999987264232e+01
3.339999999999999636e-01 3.399999999987264232e+01
3.339999999999999636e-01 2.599999999987799981e+01
3.360000000000000209e-01 2.599999999987799981e+01
3.359999999999997988e-01 2.799999999986548715e+01
3.379999999999998561e-01 2.799999999986548715e+01
3.379999999999998561e-01 2.499999999994412292e+01
3.399999999999999134e-01 2.499999999994412292e+01
3.399999999999999134e-01 2.599999999991246113e+01
3.419999999999999707e-01 2.599999999991246113e+01
3.419999999999999707e-01 2.199999999988162358e+01
3.440000000000000280e-01 2.199999999988162358e+01
3.440000000000000280e-01 2.299999999996617817e+01
3.460000000000000853e-01 2.299999999996617817e+01
3.459999999999998632e-01 2.499999999995318944e+01
3.479999999999999205e-01 2.499999999995318944e+01
3.479999999999999205e-01 2.299999999986214760e+01
3.499999999999999223e-01 2.299999999986214760e+01
3.499999999999999223e-01 1.399999999995576161e+01
3.519999999999999796e-01 1.399999999995576161e+01
3.519999999999999796e-01 1.399999999999648281e+01
3.540000000000000369e-01 1.399999999999648281e+01
3.539999999999998148e-01 1.099999999996048494e+01
3.559999999999998721e-01 1.099999999996048494e+01
3.559999999999998721e-01 2.899999999981629983e+01
3.579999999999999294e-01 2.899999999981629983e+01
3.579999999999999294e-01 1.399999999998806288e+01
3.599999999999999867e-01 1.399999999998806288e+01
3.599999999999999867e-01 2.499999999995482725e+01
3.620000000000000440e-01 2.499999999995482725e+01
3.620000000000000440e-01 1.599999999993685051e+01
3.640000000000000457e-01 1.599999999993685051e+01
3.639999999999998237e-01 1.499999999999065636e+01
3.659999999999998810e-01 1.499999999999065636e+01
3.659999999999998810e-01 1.299999999998223998e+01
3.679999999999999383e-01 1.299999999998223998e+01
3.679999999999999383e-01 1.699999999995078426e+01
3.699999999999999956e-01 1.699999999995078426e+01
3.699999999999999956e-01 2.099999999986586374e+01
3.720000000000000528e-01 2.099999999986586374e+01
3.719999999999998308e-01 1.999999999994559730e+01
3.739999999999998881e-01 1.999999999994559730e+01
3.739999999999998881e-01 1.299999999994983924e+01
3.759999999999999454e-01 1.299999999994983924e+01
3.759999999999999454e-01 1.399999999989253396e+01
3.779999999999999472e-01 1.399999999989253396e+01
3.779999999999999472e-01 1.499999999998660982e+01
3.800000000000000044e-01 1.499999999998660982e+01
3.799999999999997824e-01 1.799999999997250200e+01
3.819999999999998397e-01 1.799999999997250200e+01
3.819999999999998397e-01 1.799999999992314414e+01
3.839999999999998970e-01 1.799999999992314414e+01
3.839999999999998970e-01 1.999999999992584776e+01
3.859999999999999543e-01 1.999999999992584776e+01
3.859999999999999543e-01 1.799999999997809752e+01
3.880000000000000115e-01 1.799999999997809752e+01
3.880000000000000115e-01 1.599999999984220267e+01
3.900000000000000688e-01 1.599999999984220267e+01
3.899999999999998468e-01 9.999999999995610622e+00
3.919999999999999041e-01 9.999999999995610622e+00
3.919999999999999041e-01 2.299999999992433430e+01
3.939999999999999059e-01 2.299999999992433430e+01
3.939999999999999059e-01 2.199999999998552624e+01
3.959999999999999631e-01 2.199999999998552624e+01
3.959999999999999631e-01 1.599999999997758415e+01
3.980000000000000204e-01 1.599999999997758415e+01
3.979999999999997984e-01 2.199999999997185185e+01
3.999999999999998557e-01 2.199999999997185185e+01
3.999999999999998557e-01 1.399999999998682654e+01
4.019999999999999130e-01 1.399999999998682654e+01
4.019999999999999130e-01 1.499999999994220623e+01
4.039999999999999702e-01 1.499999999994220623e+01
4.039999999999999702e-01 1.499999999999433697e+01
4.060000000000000275e-01 1.499999999999433697e+01
4.060000000000000275e-01 1.099999999999486278e+01
4.080000000000000293e-01 1.099999999999486278e+01
4.079999999999998073e-01 1.199999999996951416e+01
4.099999999999998646e-01 1.199999999996951416e+01
4.099999999999998646e-01 1.699999999998919975e+01
4.119999999999999218e-01 1.699999999998919975e+01
4.119999999999999218e-01 1.199999999998918909e+01
4.139999999999999791e-01 1.199999999998918909e+01
4.139999999999999791e-01 1.599999999997276667e+01
4.160000000000000364e-01 1.599999999997276667e+01
4.159999999999998144e-01 1.499999999992547295e+01
4.179999999999998717e-01 1.499999999992547295e+01
4.179999999999998717e-01 1.099999999999133138e+01
4.199999999999999289e-01 1.099999999999133138e+01
4.199999999999999289e-01 1.499999999998310685e+01
4.219999999999999307e-01 1.499999999998310685e+01
4.219999999999999307e-01 1.599999999990412647e+01
4.239999999999999880e-01 1.599999999990412647e+01
4.239999999999999880e-01 1.599999999996766498e+01
4.260000000000000453e-01 1.599999999996766498e+01
4.259999999999998233e-01 5.999999999994604316e+00
4.279999999999998805e-01 5.999999999994604316e+00
4.279999999999998805e-01 1.099999999998998845e+01
4.299999999999999378e-01 1.099999999998998845e+01
4.299999999999999378e-01 7.999999999980272669e+00
4.319999999999999951e-01 7.999999999980272669e+00
4.319999999999999951e-01 1.399999999997356959e+01
4.340000000000000524e-01 1.399999999997356959e+01
4.339999999999998304e-01 9.999999999995473843e+00
4.359999999999998876e-01 9.999999999995473843e+00
4.359999999999998876e-01 1.499999999998753708e+01
4.379999999999998894e-01 1.499999999998753708e+01
4.379999999999998894e-01 6.999999999983678833e+00
4.399999999999999467e-01 6.999999999983678833e+00
4.399999999999999467e-01 5.999999999990193622e+00
4.420000000000000040e-01 5.999999999990193622e+00
4.420000000000000040e-01 7.999999999992992272e+00
4.440000000000000613e-01 7.999999999992992272e+00
4.439999999999998392e-01 7.999999999993348432e+00
4.459999999999998965e-01 7.999999999993348432e+00
4.459999999999998965e-01 1.499999999997015543e+01
4.479999999999999538e-01 1.499999999997015543e+01
4.479999999999999538e-01 1.199999999989576338e+01
4.500000000000000111e-01 1.199999999989576338e+01
4.500000000000000111e-01 1.099999999996251177e+01
4.520000000000000129e-01 1.099999999996251177e+01
4.519999999999998463e-01 8.999999999980449417e+00
4.539999999999998481e-01 8.999999999980449417e+00
4.539999999999998481e-01 4.999999999997588596e+00
4.559999999999999054e-01 4.999999999997588596e+00
4.559999999999999054e-01 8.999999999997578826e+00
4.579999999999999627e-01 8.999999999997578826e+00
4.579999999999999627e-01 4.999999999997880806e+00
4.600000000000000200e-01 4.999999999997880806e+00
4.599999999999997979e-01 3.999999999997207123e+00
4.619999999999998552e-01 3.999999999997207123e+00
4.619999999999998552e-01 1.299999999997741540e+01
4.639999999999999125e-01 1.299999999997741540e+01
4.639999999999999125e-01 1.199999999998470734e+01
4.659999999999999698e-01 1.199999999998470734e+01
4.659999999999999698e-01 4.999999999998442135e+00
4.679999999999999716e-01 4.999999999998442135e+00
4.679999999999999716e-01 1.099999999998255795e+01
4.700000000000000289e-01 1.099999999998255795e+01
4.699999999999998068e-01 4.999999999994813038e+00
4.719999999999998641e-01 4.999999999994813038e+00
4.719999999999998641e-01 6.999999999992079225e+00
4.739999999999999214e-01 6.999999999992079225e+00
4.739999999999999214e-01 6.999999999998325784e+00
4.759999999999999787e-01 6.999999999998325784e+00
4.759999999999999787e-01 6.999999999998597566e+00
4.780000000000000360e-01 6.999999999998597566e+00
4.779999999999998139e-01 3.999999999996473043e+00
4.799999999999998712e-01 3.999999999996473043e+00
4.799999999999998712e-01 5.999999999998620659e+00
4.819999999999998730e-01 5.999999999998620659e+00
4.819999999999998730e-01 7.999999999991828759e+00
4.839999999999999303e-01 7.999999999991828759e+00
4.839999999999999303e-01 3.999999999998728129e+00
4.859999999999999876e-01 3.999999999998728129e+00
4.859999999999999876e-01 5.999999999961289632e+00
4.880000000000000449e-01 5.999999999961289632e+00
4.879999999999998228e-01 4.999999999997975841e+00
4.899999999999998801e-01 4.999999999997975841e+00
4.899999999999998801e-01 1.599999999997850786e+01
4.919999999999999374e-01 1.599999999997850786e+01
4.919999999999999374e-01 7.999999999994853894e+00
4.939999999999999947e-01 7.999999999994853894e+00
4.939999999999999947e-01 4.999999999997544187e+00
4.959999999999999964e-01 4.999999999997544187e+00
4.959999999999998299e-01 5.999999999991780797e+00
4.979999999999998317e-01 5.999999999991780797e+00
4.979999999999998317e-01 5.999999999996894040e+00
4.999999999999998890e-01 5.999999999996894040e+00
4.999999999999998890e-01 6.999999999997862155e+00
5.020000000000000018e-01 6.999999999997862155e+00
5.020000000000000018e-01 5.999999999980000887e+00
5.040000000000000036e-01 5.999999999980000887e+00
5.040000000000000036e-01 7.999999999993188560e+00
5.060000000000000053e-01 7.999999999993188560e+00
5.059999999999997833e-01 5.999999999991853628e+00
5.079999999999998961e-01 5.999999999991853628e+00
5.079999999999998961e-01 2.999999999999397815e+00
5.099999999999998979e-01 2.999999999999397815e+00
5.099999999999998979e-01 7.999999999990480504e+00
5.120000000000000107e-01 7.999999999990480504e+00
5.120000000000000107e-01 4.999999999993331556e+00
5.140000000000000124e-01 4.999999999993331556e+00
5.139999999999997904e-01 1.099999999997346833e+01
5.159999999999999032e-01 1.099999999997346833e+01
5.159999999999999032e-01 6.999999999997507771e+00
5.179999999999999050e-01 6.999999999997507771e+00
5.179999999999999050e-01 6.999999999991849187e+00
5.199999999999999067e-01 6.999999999991849187e+00
5.199999999999999067e-01 5.999999999983415044e+00
5.220000000000000195e-01 5.999999999983415044e+00
5.220000000000000195e-01 7.999999999991964650e+00
5.240000000000000213e-01 7.999999999991964650e+00
5.239999999999997993e-01 1.999999999999341194e+00
5.259999999999999121e-01 1.999999999999341194e+00
5.259999999999999121e-01 6.999999999913640636e+00
5.279999999999999138e-01 6.999999999913640636e+00
5.279999999999999138e-01 4.999999999995493383e+00
5.300000000000000266e-01 4.999999999995493383e+00
5.300000000000000266e-01 5.999999999995652367e+00
5.320000000000000284e-01 5.999999999995652367e+00
5.319999999999998064e-01 4.999999999998737010e+00
5.339999999999998082e-01 4.999999999998737010e+00
5.339999999999998082e-01 8.999999999997807976e+00
5.359999999999999210e-01 8.999999999997807976e+00
5.359999999999999210e-01 2.999999999998813838e+00
5.379999999999999227e-01 2.999999999998813838e+00
5.379999999999999227e-01 3.999999999995688782e+00
5.400000000000000355e-01 3.999999999995688782e+00
5.400000000000000355e-01 6.999999999996988187e+00
5.420000000000000373e-01 6.999999999996988187e+00
5.419999999999998153e-01 3.999999999984242827e+00
5.439999999999999281e-01 3.999999999984242827e+00
5.439999999999999281e-01 6.999999999966131092e+00
5.459999999999999298e-01 6.999999999966131092e+00
5.459999999999999298e-01 6.999999999993756106e+00
5.479999999999999316e-01 6.999999999993756106e+00
5.479999999999999316e-01 1.199999999998446043e+01
5.500000000000000444e-01 1.199999999998446043e+01
5.499999999999998224e-01 3.999999999998312017e+00
5.519999999999998241e-01 3.999999999998312017e+00
5.519999999999998241e-01 8.999999999981756815e+00
5.539999999999999369e-01 8.999999999981756815e+00
5.539999999999999369e-01 5.999999999981709742e+00
5.559999999999999387e-01 5.999999999981709742e+00
5.559999999999999387e-01 5.999999999997630340e+00
5.580000000000000515e-01 5.999999999997630340e+00
5.579999999999998295e-01 4.999999999999364952e+00
5.599999999999998312e-01 4.999999999999364952e+00
5.599999999999998312e-01 6.999999999914799709e+00
5.619999999999999440e-01 6.999999999914799709e+00
5.619999999999999440e-01 5.999999999994552802e+00
5.639999999999999458e-01 5.999999999994552802e+00
5.639999999999999458e-01 5.999999999976019183e+00
5.659999999999999476e-01 5.999999999976019183e+00
5.659999999999999476e-01 7.999999999981538323e+00
5.680000000000000604e-01 7.999999999981538323e+00
5.679999999999998384e-01 6.999999999996542321e+00
5.699999999999998401e-01 6.999999999996542321e+00
5.699999999999998401e-01 7.999999999988641974e+00
5.719999999999999529e-01 7.999999999988641974e+00
5.719999999999999529e-01 9.999999999926071581e+00
5.739999999999999547e-01 9.999999999926071581e+00
5.739999999999999547e-01 1.299999999999172218e+01
5.760000000000000675e-01 1.299999999999172218e+01
5.759999999999998455e-01 8.999999999995205613e+00
5.779999999999998472e-01 8.999999999995205613e+00
5.779999999999998472e-01 3.999999999988233412e+00
5.799999999999998490e-01 3.999999999988233412e+00
5.799999999999998490e-01 8.999999999993933741e+00
5.819999999999999618e-01 8.999999999993933741e+00
5.819999999999999618e-01 1.099999999998923528e+01
5.839999999999999636e-01 1.099999999998923528e+01
5.839999999999999636e-01 8.999999999993899991e+00
5.860000000000000764e-01 8.999999999993899991e+00
5.859999999999998543e-01 7.999999999979198861e+00
5.879999999999998561e-01 7.999999999979198861e+00
5.879999999999998561e-01 7.999999999987438493e+00
5.899999999999999689e-01 7.999999999987438493e+00
5.899999999999999689e-01 6.999999999996585842e+00
5.919999999999999707e-01 6.999999999996585842e+00
5.919999999999999707e-01 9.999999999987998933e+00
5.939999999999999725e-01 9.999999999987998933e+00
5.939999999999997504e-01 5.999999999981857179e+00
5.959999999999998632e-01 5.999999999981857179e+00
5.959999999999998632e-01 5.999999999985321963e+00
5.979999999999998650e-01 5.999999999985321963e+00
5.979999999999998650e-01 6.999999999993452349e+00
5.999999999999999778e-01 6.999999999993452349e+00
5.999999999999999778e-01 6.999999999984009236e+00
6.019999999999999796e-01 6.999999999984009236e+00
6.019999999999999796e-01 8.999999999991821653e+00
6.040000000000000924e-01 8.999999999991821653e+00
6.039999999999998703e-01 6.999999999995000444e+00
6.059999999999998721e-01 6.999999999995000444e+00
6.059999999999998721e-01 6.999999999979682030e+00
6.079999999999998739e-01 6.999999999979682030e+00
6.079999999999998739e-01 6.999999999996191491e+00
6.099999999999999867e-01 6.999999999996191491e+00
6.099999999999999867e-01 5.999999999997562838e+00
6.119999999999999885e-01 5.999999999997562838e+00
6.119999999999997664e-01 7.999999999998192557e+00
6.139999999999998792e-01 7.999999999998192557e+00
6.139999999999998792e-01 8.999999999996141753e+00
6.159999999999998810e-01 8.999999999996141753e+00
6.159999999999998810e-01 5.999999999998260947e+00
6.179999999999999938e-01 5.999999999998260947e+00
6.179999999999999938e-01 5.999999999997405631e+00
6.199999999999999956e-01 5.999999999997405631e+00
6.199999999999999956e-01 9.999999999991791455e+00
6.219999999999999973e-01 9.999999999991791455e+00
6.219999999999998863e-01 6.999999999994345856e+00
6.239999999999998881e-01 6.999999999994345856e+00
6.239999999999998881e-01 3.999999999997365219e+00
6.259999999999998899e-01 3.999999999997365219e+00
6.259999999999998899e-01 7.999999999966735942e+00
6.280000000000000027e-01 7.999999999966735942e+00
6.280000000000000027e-01 6.999999999996312283e+00
6.300000000000000044e-01 6.999999999996312283e+00
6.299999999999997824e-01 5.999999999984447996e+00
6.319999999999998952e-01 5.999999999984447996e+00
6.319999999999998952e-01 7.999999999987879917e+00
6.339999999999998970e-01 7.999999999987879917e+00
6.339999999999998970e-01 3.999999999997040145e+00
6.360000000000000098e-01 3.999999999997040145e+00
6.360000000000000098e-01 5.999999999957426056e+00
6.380000000000000115e-01 5.999999999957426056e+00
6.380000000000000115e-01 4.999999999927284833e+00
6.400000000000000133e-01 4.999999999927284833e+00
6.399999999999997913e-01 4.999999999996982858e+00
6.419999999999999041e-01 4.999999999996982858e+00
6.419999999999999041e-01 1.299999999995237587e+01
6.439999999999999059e-01 1.299999999995237587e+01
6.439999999999999059e-01 8.999999999996584066e+00
6.460000000000000187e-01 8.999999999996584066e+00
6.460000000000000187e-01 2.999999999997249756e+00
6.480000000000000204e-01 2.999999999997249756e+00
6.479999999999997984e-01 5.999999999983149479e+00
6.499999999999999112e-01 5.999999999983149479e+00
6.499999999999999112e-01 3.999999999999213074e+00
6.519999999999999130e-01 3.999999999999213074e+00
6.519999999999999130e-01 4.999999999976040499e+00
6.539999999999999147e-01 4.999999999976040499e+00
6.539999999999999147e-01 6.999999999923312899e+00
6.560000000000000275e-01 6.999999999923312899e+00
6.559999999999998055e-01 4.999999999998652633e+00
6.579999999999998073e-01 4.999999999998652633e+00
6.579999999999998073e-01 1.999999999998103739e+00
6.599999999999999201e-01 1.999999999998103739e+00
6.599999999999999201e-01 2.999999999997369216e+00
6.619999999999999218e-01 2.999999999997369216e+00
6.619999999999999218e-01 1.999999999998972156e+00
6.640000000000000346e-01 1.999999999998972156e+00
6.640000000000000346e-01 1.999999999998622879e+00
6.660000000000000364e-01 1.999999999998622879e+00
6.659999999999998144e-01 6.999999999993200994e+00
6.679999999999998161e-01 6.999999999993200994e+00
6.679999999999998161e-01 4.999999999988362198e+00
6.699999999999999289e-01 4.999999999988362198e+00
6.699999999999999289e-01 3.999999999999224176e+00
6.719999999999999307e-01 3.999999999999224176e+00
6.719999999999999307e-01 4.999999999974678033e+00
6.740000000000000435e-01 4.999999999974678033e+00
6.739999999999998215e-01 7.999999999982167154e+00
6.759999999999998233e-01 7.999999999982167154e+00
6.759999999999998233e-01 3.999999999985560883e+00
6.779999999999999361e-01 3.999999999985560883e+00
6.779999999999999361e-01 5.999999999990663468e+00
6.799999999999999378e-01 5.999999999990663468e+00
6.799999999999999378e-01 4.999999999996657785e+00
6.819999999999999396e-01 4.999999999996657785e+00
6.819999999999999396e-01 2.999999999987695176e+00
6.840000000000000524e-01 2.999999999987695176e+00
6.839999999999998304e-01 6.999999999998468780e+00
6.859999999999998321e-01 6.999999999998468780e+00
6.859999999999998321e-01 3.999999999996370459e+00
6.879999999999999449e-01 3.999999999996370459e+00
6.879999999999999449e-01 4.999999999999053202e+00
6.899999999999999467e-01 4.999999999999053202e+00
6.899999999999999467e-01 4.999999999996024513e+00
6.920000000000000595e-01 4.999999999996024513e+00
6.919999999999998375e-01 3.999999999997612132e+00
6.939999999999998392e-01 3.999999999997612132e+00
6.939999999999998392e-01 9.999999999957276842e+00
6.959999999999998410e-01 9.999999999957276842e+00
6.959999999999998410e-01 5.999999999997821298e+00
6.979999999999999538e-01 5.999999999997821298e+00
6.979999999999999538e-01 3.999999999996733280e+00
6.999999999999999556e-01 3.999999999996733280e+00
6.999999999999999556e-01 4.999999999994765076e+00
7.020000000000000684e-01 4.999999999994765076e+00
7.019999999999998463e-01 5.999999999995329958e+00
7.039999999999998481e-01 5.999999999995329958e+00
7.039999999999998481e-01 2.999999999995663025e+00
7.059999999999999609e-01 2.999999999995663025e+00
7.059999999999999609e-01 5.999999999997626787e+00
7.079999999999999627e-01 5.999999999997626787e+00
7.079999999999999627e-01 3.999999999950475171e+00
7.099999999999999645e-01 3.999999999950475171e+00
7.099999999999998535e-01 6.999999999994880540e+00
7.119999999999998552e-01 6.999999999994880540e+00
7.119999999999998552e-01 2.999999999997420730e+00
7.139999999999998570e-01 2.999999999997420730e+00
7.139999999999998570e-01 5.999999999995635491e+00
7.159999999999999698e-01 5.999999999995635491e+00
7.159999999999999698e-01 3.999999999993926636e+00
7.179999999999999716e-01 3.999999999993926636e+00
7.179999999999999716e-01 2.999999999998504752e+00
7.200000000000000844e-01 2.999999999998504752e+00
7.199999999999998623e-01 2.999999999999888090e+00
7.219999999999998641e-01 2.999999999999888090e+00
7.219999999999998641e-01 3.999999999970885511e+00
7.239999999999999769e-01 3.999999999970885511e+00
7.239999999999999769e-01 1.999999999999976463e+00
7.259999999999999787e-01 1.999999999999976463e+00
7.259999999999999787e-01 5.999999999997005062e+00
7.279999999999999805e-01 5.999999999997005062e+00
7.279999999999997584e-01 5.999999999991934452e+00
7.299999999999998712e-01 5.999999999991934452e+00
7.299999999999998712e-01 4.999999999994618527e+00
7.319999999999998730e-01 4.999999999994618527e+00
7.319999999999998730e-01 5.999999999994367172e+00
7.339999999999999858e-01 5.999999999994367172e+00
7.339999999999999858e-01 3.999999999995258015e+00
7.359999999999999876e-01 3.999999999995258015e+00
7.359999999999999876e-01 3.999999999996322053e+00
7.380000000000001004e-01 3.999999999996322053e+00
7.379999999999998783e-01 3.999999999996097344e+00
7.399999999999998801e-01 3.999999999996097344e+00
7.399999999999998801e-01 9.999999999999967804e-01
7.419999999999998819e-01 9.999999999999967804e-01
7.419999999999998819e-01 3.999999999999871658e+00
7.439999999999999947e-01 3.999999999999871658e+00
7.439999999999999947e-01 1.999999999997278177e+00
7.459999999999999964e-01 1.999999999997278177e+00
7.459999999999997744e-01 1.999999999996066258e+00
7.479999999999998872e-01 1.999999999996066258e+00
7.479999999999998872e-01 8.999999999964035879e+00
7.499999999999998890e-01 8.999999999964035879e+00
7.499999999999998890e-01 2.999999999998327116e+00
7.520000000000000018e-01 2.999999999998327116e+00
7.520000000000000018e-01 1.999999999998812061e+00
7.540000000000000036e-01 1.999999999998812061e+00
7.539999999999997815e-01 1.999999999999946043e+00
7.559999999999997833e-01 1.999999999999946043e+00
7.559999999999997833e-01 4.999999999976815879e+00
7.579999999999998961e-01 4.999999999976815879e+00
7.579999999999998961e-01 3.999999999958010477e+00
7.599999999999998979e-01 3.999999999958010477e+00
7.599999999999998979e-01 1.999999999984312993e+00
7.620000000000000107e-01 1.999999999984312993e+00
7.620000000000000107e-01 4.999999999995583089e+00
7.640000000000000124e-01 4.999999999995583089e+00
7.639999999999997904e-01 2.999999999998771649e+00
7.659999999999999032e-01 2.999999999998771649e+00
7.659999999999999032e-01 6.999999999996066258e+00
7.679999999999999050e-01 6.999999999996066258e+00
7.679999999999999050e-01 1.999999999999387157e+00
7.699999999999999067e-01 1.999999999999387157e+00
7.699999999999999067e-01 3.999999999993877786e+00
7.720000000000000195e-01 3.999999999993877786e+00
7.719999999999997975e-01 4.999999999978999909e+00
7.739999999999997993e-01 4.999999999978999909e+00
7.739999999999997993e-01 1.999999999997466915e+00
7.759999999999999121e-01 1.999999999997466915e+00
7.759999999999999121e-01 8.999999999995257127e+00
7.779999999999999138e-01 8.999999999995257127e+00
7.779999999999999138e-01 6.999999999993549160e+00
7.800000000000000266e-01 6.999999999993549160e+00
7.800000000000000266e-01 4.999999999994866329e+00
7.820000000000000284e-01 4.999999999994866329e+00
7.819999999999998064e-01 3.999999999983708143e+00
7.839999999999999192e-01 3.999999999983708143e+00
7.839999999999999192e-01 6.999999999981226573e+00
7.859999999999999210e-01 6.999999999981226573e+00
7.859999999999999210e-01 4.999999999996283861e+00
7.879999999999999227e-01 4.999999999996283861e+00
7.879999999999999227e-01 3.999999999998570033e+00
7.900000000000000355e-01 3.999999999998570033e+00
7.899999999999998135e-01 1.099999999995152322e+01
7.919999999999998153e-01 1.099999999995152322e+01
7.919999999999998153e-01 5.999999999957220886e+00
7.939999999999999281e-01 5.999999999957220886e+00
7.939999999999999281e-01 1.999999999997930988e+00
7.959999999999999298e-01 1.999999999997930988e+00
7.959999999999999298e-01 2.999999999996683542e+00
7.980000000000000426e-01 2.999999999996683542e+00
7.980000000000000426e-01 1.999999999998663958e+00
8.000000000000000444e-01 1.999999999998663958e+00
