-8.000000000000000444e-01 8.999999999999275246e+00
-7.980000000000000426e-01 8.999999999999275246e+00
-7.980000000000000426e-01 2.999999999999299227e+00
-7.959999999999999298e-01 2.999999999999299227e+00
-7.960000000000000409e-01 4.999999999996314060e+00
-7.940000000000000391e-01 4.999999999996314060e+00
-7.940000000000000391e-01 1.099999999999821476e+01
-7.919999999999999263e-01 1.099999999999821476e+01
-7.920000000000000373e-01 7.999999999999264588e+00
-7.900000000000000355e-01 7.999999999999264588e+00
-7.900000000000000355e-01 1.099999999999841549e+01
-7.879999999999999227e-01 1.099999999999841549e+01
-7.880000000000000338e-01 8.999999999981111998e+00
-7.860000000000000320e-01 8.999999999981111998e+00
-7.860000000000000320e-01 1.399999999988481036e+01
-7.840000000000000302e-01 1.399999999988481036e+01
-7.840000000000000302e-01 7.999999999995660360e+00
-7.820000000000000284e-01 7.999999999995660360e+00
-7.820000000000000284e-01 1.199999999997432987e+01
-7.800000000000000266e-01 1.199999999997432987e+01
-7.800000000000001377e-01 1.099999999999885425e+01
-7.780000000000000249e-01 1.099999999999885425e+01
-7.780000000000000249e-01 1.199999999999692335e+01
-7.760000000000000231e-01 1.199999999999692335e+01
-7.760000000000000231e-01 9.999999999997912781e+00
-7.739999999999999103e-01 9.999999999997912781e+00
-7.740000000000000213e-01 8.999999999995667466e+00
-7.720000000000000195e-01 8.999999999995667466e+00
-7.720000000000000195e-01 1.099999999999844391e+01
-7.699999999999999067e-01 1.099999999999844391e+01
-7.700000000000000178e-01 8.999999999998085087e+00
-7.680000000000000160e-01 8.999999999998085087e+00
-7.680000000000000160e-01 9.999999999999195310e+00
-7.660000000000000142e-01 9.999999999999195310e+00
-7.660000000000001252e-01 2.099999999999590372e+01
-7.640000000000000124e-01 2.099999999999590372e+01
-7.640000000000000124e-01 8.999999999994894750e+00
-7.620000000000000107e-01 8.999999999994894750e+00
-7.620000000000001217e-01 8.999999999996212807e+00
-7.600000000000000089e-01 8.999999999996212807e+00
-7.600000000000000089e-01 1.199999999999572609e+01
-7.580000000000000071e-01 1.199999999999572609e+01
-7.580000000000000071e-01 1.599999999999792699e+01
-7.559999999999998943e-01 1.599999999999792699e+01
-7.560000000000000053e-01 1.699999999994883737e+01
-7.540000000000000036e-01 1.699999999994883737e+01
-7.540000000000000036e-01 1.699999999999858602e+01
-7.520000000000000018e-01 1.699999999999858602e+01
-7.520000000000001128e-01 1.199999999998347811e+01
-7.500000000000000000e-01 1.199999999998347811e+01
-7.500000000000000000e-01 1.299999999999800337e+01
-7.479999999999999982e-01 1.299999999999800337e+01
-7.480000000000001092e-01 1.099999999999759126e+01
-7.459999999999999964e-01 1.099999999999759126e+01
-7.459999999999999964e-01 2.199999999996200017e+01
-7.439999999999999947e-01 2.199999999996200017e+01
-7.440000000000001057e-01 1.699999999997296740e+01
-7.419999999999999929e-01 1.699999999997296740e+01
-7.419999999999999929e-01 1.699999999997575273e+01
-7.399999999999999911e-01 1.699999999997575273e+01
-7.399999999999999911e-01 1.799999999998835420e+01
-7.379999999999999893e-01 1.799999999998835420e+01
-7.380000000000001004e-01 1.599999999998923528e+01
-7.359999999999999876e-01 1.599999999998923528e+01
-7.359999999999999876e-01 9.999999999998269828e+00
-7.339999999999999858e-01 9.999999999998269828e+00
-7.340000000000000968e-01 1.699999999999673861e+01
-7.319999999999999840e-01 1.699999999999673861e+01
-7.319999999999999840e-01 1.499999999999259082e+01
-7.299999999999999822e-01 1.499999999999259082e+01
-7.300000000000000933e-01 1.399999999999729283e+01
-7.279999999999999805e-01 1.399999999999729283e+01
-7.279999999999999805e-01 1.699999999999464251e+01
-7.259999999999999787e-01 1.699999999999464251e+01
-7.260000000000000897e-01 1.199999999999861799e+01
-7.240000000000000879e-01 1.199999999999861799e+01
-7.240000000000000879e-01 2.099999999999432632e+01
-7.219999999999999751e-01 2.099999999999432632e+01
-7.219999999999999751e-01 2.299999999998496136e+01
-7.199999999999999734e-01 2.299999999998496136e+01
-7.200000000000000844e-01 1.299999999999542233e+01
-7.179999999999999716e-01 1.299999999999542233e+01
-7.179999999999999716e-01 1.399999999999570299e+01
-7.159999999999999698e-01 1.399999999999570299e+01
-7.160000000000000808e-01 1.699999999999525002e+01
-7.139999999999999680e-01 1.699999999999525002e+01
-7.139999999999999680e-01 1.199999999999659650e+01
-7.119999999999999662e-01 1.199999999999659650e+01
-7.120000000000000773e-01 1.899999999997866595e+01
-7.099999999999999645e-01 1.899999999997866595e+01
-7.099999999999999645e-01 2.799999999999467448e+01
-7.079999999999999627e-01 2.799999999999467448e+01
-7.080000000000000737e-01 3.099999999999227995e+01
-7.060000000000000719e-01 3.099999999999227995e+01
-7.060000000000000719e-01 2.399999999996647304e+01
-7.039999999999999591e-01 2.399999999996647304e+01
-7.039999999999999591e-01 2.399999999999308287e+01
-7.019999999999999574e-01 2.399999999999308287e+01
-7.020000000000000684e-01 2.899999999998850342e+01
-6.999999999999999556e-01 2.899999999998850342e+01
-7.000000000000000666e-01 2.699999999996896705e+01
-6.980000000000000648e-01 2.699999999996896705e+01
-6.980000000000000648e-01 3.499999999999316458e+01
-6.959999999999999520e-01 3.499999999999316458e+01
-6.959999999999999520e-01 2.799999999999542410e+01
-6.939999999999999503e-01 2.799999999999542410e+01
-6.940000000000000613e-01 3.899999999996712319e+01
-6.920000000000000595e-01 3.899999999996712319e+01
-6.920000000000000595e-01 4.799999999997945110e+01
-6.899999999999999467e-01 4.799999999997945110e+01
-6.900000000000000577e-01 5.299999999997791633e+01
-6.880000000000000560e-01 5.299999999997791633e+01
-6.880000000000000560e-01 4.499999999998443201e+01
-6.859999999999999432e-01 4.499999999998443201e+01
-6.860000000000000542e-01 5.699999999998992450e+01
-6.840000000000000524e-01 5.699999999998992450e+01
-6.840000000000000524e-01 5.799999999998289013e+01
-6.819999999999999396e-01 5.799999999998289013e+01
-6.820000000000000506e-01 5.599999999998923528e+01
-6.800000000000000488e-01 5.599999999998923528e+01
-6.800000000000000488e-01 5.999999999998794920e+01
-6.780000000000000471e-01 5.999999999998794920e+01
-6.780000000000000471e-01 8.099999999997811528e+01
-6.759999999999999343e-01 8.099999999997811528e+01
-6.760000000000000453e-01 6.899999999997955058e+01
-6.740000000000000435e-01 6.899999999997955058e+01
-6.740000000000000435e-01 9.399999999998480860e+01
-6.719999999999999307e-01 9.399999999998480860e+01
-6.720000000000000417e-01 1.079999999999370743e+02
-6.700000000000000400e-01 1.079999999999370743e+02
-6.700000000000000400e-01 1.149999999999804032e+02
-6.679999999999999272e-01 1.149999999999804032e+02
-6.680000000000000382e-01 1.269999999999794369e+02
-6.660000000000000364e-01 1.269999999999794369e+02
-6.660000000000000364e-01 1.239999999999800195e+02
-6.640000000000000346e-01 1.239999999999800195e+02
-6.640000000000001457e-01 1.309999999999698161e+02
-6.620000000000000329e-01 1.309999999999698161e+02
-6.620000000000000329e-01 1.469999999999694751e+02
-6.600000000000000311e-01 1.469999999999694751e+02
-6.600000000000000311e-01 1.529999999999732267e+02
-6.579999999999999183e-01 1.529999999999732267e+02
-6.580000000000000293e-01 1.419999999999741362e+02
-6.560000000000000275e-01 1.419999999999741362e+02
-6.560000000000000275e-01 1.749999999999604086e+02
-6.539999999999999147e-01 1.749999999999604086e+02
-6.540000000000000258e-01 1.879999999999642171e+02
-6.520000000000000240e-01 1.879999999999642171e+02
-6.520000000000000240e-01 2.239999999999414229e+02
-6.500000000000000222e-01 2.239999999999414229e+02
-6.500000000000001332e-01 2.159999999999236593e+02
-6.480000000000000204e-01 2.159999999999236593e+02
-6.480000000000000204e-01 2.379999999999513136e+02
-6.460000000000000187e-01 2.379999999999513136e+02
-6.460000000000001297e-01 1.979999999999606359e+02
-6.440000000000000169e-01 1.979999999999606359e+02
-6.440000000000000169e-01 2.519999999999540137e+02
-6.420000000000000151e-01 2.519999999999540137e+02
-6.420000000000000151e-01 2.659999999999438955e+02
-6.399999999999999023e-01 2.659999999999438955e+02
-6.400000000000000133e-01 2.719999999999266720e+02
-6.380000000000000115e-01 2.719999999999266720e+02
-6.380000000000001226e-01 3.059999999999267857e+02
-6.360000000000000098e-01 3.059999999999267857e+02
-6.360000000000000098e-01 2.869999999999313332e+02
-6.340000000000000080e-01 2.869999999999313332e+02
-6.340000000000000080e-01 3.069999999998534008e+02
-6.320000000000000062e-01 3.069999999998534008e+02
-6.320000000000001172e-01 3.139999999999446914e+02
-6.300000000000000044e-01 3.139999999999446914e+02
-6.300000000000000044e-01 3.429999999999262172e+02
-6.280000000000000027e-01 3.429999999999262172e+02
-6.280000000000001137e-01 3.229999999999102442e+02
-6.260000000000000009e-01 3.229999999999102442e+02
-6.260000000000000009e-01 3.549999999999321858e+02
-6.239999999999999991e-01 3.549999999999321858e+02
-6.239999999999999991e-01 3.709999999999273541e+02
-6.219999999999998863e-01 3.709999999999273541e+02
-6.219999999999999973e-01 3.389999999999211582e+02
-6.199999999999999956e-01 3.389999999999211582e+02
-6.200000000000001066e-01 3.419999999999328111e+02
-6.180000000000001048e-01 3.419999999999328111e+02
-6.180000000000001048e-01 3.639999999999237161e+02
-6.159999999999999920e-01 3.639999999999237161e+02
-6.159999999999999920e-01 4.179999999999201918e+02
-6.139999999999999902e-01 4.179999999999201918e+02
-6.140000000000001013e-01 4.149999999999034799e+02
-6.119999999999999885e-01 4.149999999999034799e+02
-6.119999999999999885e-01 4.309999999998968292e+02
-6.099999999999999867e-01 4.309999999998968292e+02
-6.100000000000000977e-01 4.399999999998912017e+02
-6.079999999999999849e-01 4.399999999998912017e+02
-6.079999999999999849e-01 4.369999999998954081e+02
-6.059999999999999831e-01 4.369999999998954081e+02
-6.059999999999999831e-01 4.749999999998717612e+02
-6.039999999999999813e-01 4.749999999998717612e+02
-6.040000000000000924e-01 4.609999999998929070e+02
-6.019999999999999796e-01 4.609999999998929070e+02
-6.020000000000000906e-01 5.229999999998722160e+02
-6.000000000000000888e-01 5.229999999998722160e+02
-6.000000000000000888e-01 4.699999999998932481e+02
-5.979999999999999760e-01 4.699999999998932481e+02
-5.979999999999999760e-01 4.809999999998693170e+02
-5.959999999999999742e-01 4.809999999998693170e+02
-5.960000000000000853e-01 4.899999999998769908e+02
-5.939999999999999725e-01 4.899999999998769908e+02
-5.939999999999999725e-01 4.569999999998758540e+02
-5.919999999999999707e-01 4.569999999998758540e+02
-5.920000000000000817e-01 5.069999999998698854e+02
-5.900000000000000799e-01 5.069999999998698854e+02
-5.900000000000000799e-01 4.799999999998757403e+02
-5.879999999999999671e-01 4.799999999998757403e+02
-5.879999999999999671e-01 4.899999999998299813e+02
-5.859999999999999654e-01 4.899999999998299813e+02
-5.860000000000000764e-01 5.179999999998318572e+02
-5.839999999999999636e-01 5.179999999998318572e+02
-5.840000000000000746e-01 4.969999999998577209e+02
-5.820000000000000728e-01 4.969999999998577209e+02
-5.820000000000000728e-01 5.139999999998235580e+02
-5.799999999999999600e-01 5.139999999998235580e+02
-5.799999999999999600e-01 5.079999999998435669e+02
-5.779999999999999583e-01 5.079999999998435669e+02
-5.780000000000000693e-01 5.349999999998372004e+02
-5.760000000000000675e-01 5.349999999998372004e+02
-5.760000000000000675e-01 5.299999999998451585e+02
-5.739999999999999547e-01 5.299999999998451585e+02
-5.740000000000000657e-01 5.099999999998392468e+02
-5.720000000000000639e-01 5.099999999998392468e+02
-5.720000000000000639e-01 5.509999999997887699e+02
-5.699999999999999512e-01 5.509999999997887699e+02
-5.700000000000000622e-01 5.269999999998568683e+02
-5.680000000000000604e-01 5.269999999998568683e+02
-5.680000000000000604e-01 5.659999999998193516e+02
-5.659999999999999476e-01 5.659999999998193516e+02
-5.660000000000000586e-01 5.439999999998066187e+02
-5.640000000000000568e-01 5.439999999998066187e+02
-5.640000000000000568e-01 5.449999999998402700e+02
-5.620000000000000551e-01 5.449999999998402700e+02
-5.620000000000000551e-01 5.389999999998130988e+02
-5.599999999999999423e-01 5.389999999998130988e+02
-5.600000000000000533e-01 5.619999999997742179e+02
-5.580000000000000515e-01 5.619999999997742179e+02
-5.580000000000000515e-01 5.439999999997651230e+02
-5.559999999999999387e-01 5.439999999997651230e+02
-5.560000000000000497e-01 5.709999999998027533e+02
-5.540000000000000480e-01 5.709999999998027533e+02
-5.540000000000000480e-01 5.829999999996875886e+02
-5.519999999999999352e-01 5.829999999996875886e+02
-5.519999999999999352e-01 5.369999999997650093e+02
-5.499999999999999334e-01 5.369999999997650093e+02
-5.500000000000000444e-01 6.099999999997305622e+02
-5.479999999999999316e-01 6.099999999997305622e+02
-5.480000000000000426e-01 5.699999999997013447e+02
-5.460000000000000409e-01 5.699999999997013447e+02
-5.460000000000000409e-01 5.789999999996647375e+02
-5.440000000000000391e-01 5.789999999996647375e+02
-5.440000000000000391e-01 5.879999999997811528e+02
-5.419999999999999263e-01 5.879999999997811528e+02
-5.420000000000000373e-01 5.759999999996784936e+02
-5.400000000000000355e-01 5.759999999996784936e+02
-5.400000000000001465e-01 5.639999999997365876e+02
-5.380000000000000338e-01 5.639999999997365876e+02
-5.380000000000000338e-01 5.789999999997318127e+02
-5.360000000000000320e-01 5.789999999997318127e+02
-5.360000000000000320e-01 5.849999999997615987e+02
-5.339999999999999192e-01 5.849999999997615987e+02
-5.339999999999999192e-01 6.089999999996812221e+02
-5.319999999999999174e-01 6.089999999996812221e+02
-5.320000000000000284e-01 5.579999999997290843e+02
-5.300000000000000266e-01 5.579999999997290843e+02
-5.300000000000001377e-01 5.679999999997459099e+02
-5.280000000000000249e-01 5.679999999997459099e+02
-5.280000000000000249e-01 5.559999999996617817e+02
-5.260000000000000231e-01 5.559999999996617817e+02
-5.260000000000000231e-01 5.709999999997932036e+02
-5.239999999999999103e-01 5.709999999997932036e+02
-5.240000000000000213e-01 5.979999999996267661e+02
-5.220000000000000195e-01 5.979999999996267661e+02
-5.220000000000001306e-01 5.749999999996994120e+02
-5.200000000000000178e-01 5.749999999996994120e+02
-5.200000000000000178e-01 6.169999999996495035e+02
-5.180000000000000160e-01 6.169999999996495035e+02
-5.180000000000000160e-01 5.939999999997611440e+02
-5.160000000000000142e-01 5.939999999997611440e+02
-5.160000000000001252e-01 6.339999999995959570e+02
-5.140000000000000124e-01 6.339999999995959570e+02
-5.140000000000000124e-01 5.889999999995523012e+02
-5.120000000000000107e-01 5.889999999995523012e+02
-5.120000000000001217e-01 6.369999999997171471e+02
-5.100000000000000089e-01 6.369999999997171471e+02
-5.100000000000000089e-01 5.639999999997148734e+02
-5.080000000000000071e-01 5.639999999997148734e+02
-5.080000000000000071e-01 5.999999999995875442e+02
-5.059999999999998943e-01 5.999999999995875442e+02
-5.060000000000000053e-01 5.789999999995919779e+02
-5.040000000000000036e-01 5.789999999995919779e+02
-5.040000000000001146e-01 6.249999999997736495e+02
-5.020000000000001128e-01 6.249999999997736495e+02
-5.020000000000001128e-01 5.919999999996266524e+02
-5.000000000000000000e-01 5.919999999996266524e+02
-5.000000000000000000e-01 5.829999999996940687e+02
-4.979999999999999427e-01 5.829999999996940687e+02
-4.980000000000000537e-01 6.279999999995530970e+02
-4.959999999999999964e-01 6.279999999995530970e+02
-4.960000000000001075e-01 5.969999999995243343e+02
-4.940000000000001057e-01 5.969999999995243343e+02
-4.940000000000001057e-01 5.629999999996912265e+02
-4.920000000000000484e-01 5.629999999996912265e+02
-4.920000000000000484e-01 6.119999999994179234e+02
-4.899999999999999911e-01 6.119999999994179234e+02
-4.899999999999999911e-01 6.129999999995802682e+02
-4.879999999999999338e-01 6.129999999995802682e+02
-4.880000000000000449e-01 6.199999999993500523e+02
-4.859999999999999876e-01 6.199999999993500523e+02
-4.860000000000000431e-01 6.509999999996696260e+02
-4.839999999999999858e-01 6.509999999996696260e+02
-4.840000000000000413e-01 6.309999999994603286e+02
-4.819999999999999840e-01 6.309999999994603286e+02
-4.820000000000000395e-01 6.609999999994352038e+02
-4.800000000000000377e-01 6.609999999994352038e+02
-4.800000000000000933e-01 6.289999999993997335e+02
-4.780000000000000360e-01 6.289999999993997335e+02
-4.780000000000000915e-01 6.529999999996529141e+02
-4.760000000000000342e-01 6.529999999996529141e+02
-4.760000000000000897e-01 6.129999999995083044e+02
-4.740000000000000324e-01 6.129999999995083044e+02
-4.740000000000000324e-01 6.379999999996803126e+02
-4.719999999999999751e-01 6.379999999996803126e+02
-4.720000000000000306e-01 6.229999999993831352e+02
-4.699999999999999734e-01 6.229999999993831352e+02
-4.700000000000000289e-01 6.119999999995106919e+02
-4.679999999999999716e-01 6.119999999995106919e+02
-4.680000000000000271e-01 6.219999999995785629e+02
-4.659999999999999698e-01 6.219999999995785629e+02
-4.660000000000000253e-01 6.129999999995544613e+02
-4.640000000000000235e-01 6.129999999995544613e+02
-4.640000000000000790e-01 5.959999999996583711e+02
-4.620000000000000218e-01 5.959999999996583711e+02
-4.620000000000000773e-01 6.629999999994786322e+02
-4.600000000000000200e-01 6.629999999994786322e+02
-4.600000000000000755e-01 6.039999999991078994e+02
-4.580000000000000182e-01 6.039999999991078994e+02
-4.580000000000000737e-01 6.159999999994438440e+02
-4.560000000000000164e-01 6.159999999994438440e+02
-4.560000000000000719e-01 5.899999999997290843e+02
-4.540000000000000147e-01 5.899999999997290843e+02
-4.540000000000000147e-01 6.289999999994547579e+02
-4.519999999999999574e-01 6.289999999994547579e+02
-4.520000000000000129e-01 6.119999999996164206e+02
-4.500000000000000111e-01 6.119999999996164206e+02
-4.500000000000000666e-01 5.669999999994927293e+02
-4.480000000000000093e-01 5.669999999994927293e+02
-4.480000000000000648e-01 6.569999999994158770e+02
-4.460000000000000075e-01 6.569999999994158770e+02
-4.460000000000000631e-01 6.319999999993663096e+02
-4.440000000000000058e-01 6.319999999993663096e+02
-4.440000000000000613e-01 6.299999999996091447e+02
-4.420000000000000040e-01 6.299999999996091447e+02
-4.420000000000000595e-01 6.539999999994062136e+02
-4.400000000000000022e-01 6.539999999994062136e+02
-4.400000000000000577e-01 6.159999999993810889e+02
-4.380000000000000004e-01 6.159999999993810889e+02
-4.380000000000000560e-01 6.719999999991969162e+02
-4.360000000000000542e-01 6.719999999991969162e+02
-4.360000000000000542e-01 6.669999999990837978e+02
-4.340000000000000524e-01 6.669999999990837978e+02
-4.340000000000000524e-01 6.659999999993287929e+02
-4.319999999999999951e-01 6.659999999993287929e+02
-4.320000000000000506e-01 6.479999999993191295e+02
-4.299999999999999933e-01 6.479999999993191295e+02
-4.300000000000000488e-01 6.219999999995019380e+02
-4.279999999999999916e-01 6.219999999995019380e+02
-4.280000000000000471e-01 6.439999999994446398e+02
-4.259999999999999898e-01 6.439999999994446398e+02
-4.260000000000000453e-01 6.609999999994302016e+02
-4.239999999999999880e-01 6.609999999994302016e+02
-4.240000000000000435e-01 6.749999999993764277e+02
-4.219999999999999862e-01 6.749999999993764277e+02
-4.220000000000000417e-01 6.199999999993978008e+02
-4.200000000000000400e-01 6.199999999993978008e+02
-4.200000000000000955e-01 6.319999999993838173e+02
-4.180000000000000382e-01 6.319999999993838173e+02
-4.180000000000000937e-01 6.419999999992571702e+02
-4.160000000000000364e-01 6.419999999992571702e+02
-4.160000000000000364e-01 6.419999999992483026e+02
-4.139999999999999791e-01 6.419999999992483026e+02
-4.140000000000000346e-01 6.659999999994840891e+02
-4.119999999999999774e-01 6.659999999994840891e+02
-4.120000000000000329e-01 6.489999999993725623e+02
-4.099999999999999756e-01 6.489999999993725623e+02
-4.100000000000000311e-01 6.409999999995642384e+02
-4.079999999999999738e-01 6.409999999995642384e+02
-4.080000000000000293e-01 6.099999999991083541e+02
-4.060000000000000275e-01 6.099999999991083541e+02
-4.060000000000000830e-01 6.899999999992433004e+02
-4.040000000000000258e-01 6.899999999992433004e+02
-4.040000000000000813e-01 6.509999999992514859e+02
-4.020000000000000240e-01 6.509999999992514859e+02
-4.020000000000000795e-01 6.349999999990558308e+02
-4.000000000000000222e-01 6.349999999990558308e+02
-4.000000000000000777e-01 6.729999999990885726e+02
-3.980000000000000204e-01 6.729999999990885726e+02
-3.980000000000000759e-01 6.599999999991805453e+02
-3.960000000000000187e-01 6.599999999991805453e+02
-3.960000000000000187e-01 6.239999999991632649e+02
-3.939999999999999614e-01 6.239999999991632649e+02
-3.940000000000000169e-01 6.759999999990372999e+02
-3.920000000000000151e-01 6.759999999990372999e+02
-3.920000000000000151e-01 7.189999999987322781e+02
-3.900000000000000133e-01 7.189999999987322781e+02
-3.900000000000000688e-01 6.869999999988640411e+02
-3.880000000000000115e-01 6.869999999988640411e+02
-3.880000000000000671e-01 6.709999999991690629e+02
-3.860000000000000098e-01 6.709999999991690629e+02
-3.860000000000000653e-01 6.519999999992033963e+02
-3.840000000000000080e-01 6.519999999992033963e+02
-3.840000000000000635e-01 6.529999999990769766e+02
-3.820000000000000062e-01 6.529999999990769766e+02
-3.820000000000000617e-01 6.139999999993075335e+02
-3.800000000000000044e-01 6.139999999993075335e+02
-3.800000000000000600e-01 6.589999999993024176e+02
-3.780000000000000027e-01 6.589999999993024176e+02
-3.780000000000000582e-01 6.389999999994513473e+02
-3.760000000000000564e-01 6.389999999994513473e+02
-3.760000000000000564e-01 6.789999999988303898e+02
-3.739999999999999991e-01 6.789999999988303898e+02
-3.740000000000000546e-01 6.299999999991090363e+02
-3.719999999999999973e-01 6.299999999991090363e+02
-3.720000000000000528e-01 7.029999999991529194e+02
-3.699999999999999956e-01 7.029999999991529194e+02
-3.700000000000000511e-01 6.639999999992221547e+02
-3.679999999999999938e-01 6.639999999992221547e+02
-3.680000000000000493e-01 6.969999999992431867e+02
-3.659999999999999920e-01 6.969999999992431867e+02
-3.660000000000000475e-01 6.549999999990529886e+02
-3.639999999999999902e-01 6.549999999990529886e+02
-3.640000000000000457e-01 6.719999999988958734e+02
-3.620000000000000440e-01 6.719999999988958734e+02
-3.620000000000000440e-01 6.719999999990791366e+02
-3.600000000000000422e-01 6.719999999990791366e+02
-3.600000000000000977e-01 6.879999999987167030e+02
-3.580000000000000404e-01 6.879999999987167030e+02
-3.580000000000000959e-01 6.309999999992187441e+02
-3.560000000000000386e-01 6.309999999992187441e+02
-3.560000000000000386e-01 6.899999999991795221e+02
-3.539999999999999813e-01 6.899999999991795221e+02
-3.540000000000000369e-01 6.859999999992691073e+02
-3.519999999999999796e-01 6.859999999992691073e+02
-3.520000000000000351e-01 6.919999999990873221e+02
-3.499999999999999778e-01 6.919999999990873221e+02
-3.500000000000000333e-01 6.619999999990857305e+02
-3.479999999999999760e-01 6.619999999990857305e+02
-3.480000000000000315e-01 6.759999999989979642e+02
-3.460000000000000298e-01 6.759999999989979642e+02
-3.460000000000000853e-01 6.829999999993741540e+02
-3.440000000000000280e-01 6.829999999993741540e+02
-3.440000000000000835e-01 7.409999999989761363e+02
-3.420000000000000262e-01 7.409999999989761363e+02
-3.420000000000000817e-01 6.779999999990304786e+02
-3.400000000000000244e-01 6.779999999990304786e+02
-3.400000000000000799e-01 6.289999999994494146e+02
-3.380000000000000226e-01 6.289999999994494146e+02
-3.380000000000000782e-01 6.889999999991129016e+02
-3.360000000000000209e-01 6.889999999991129016e+02
-3.360000000000000209e-01 6.909999999987981028e+02
-3.339999999999999636e-01 6.909999999987981028e+02
-3.340000000000000191e-01 7.329999999982774170e+02
-3.320000000000000173e-01 7.329999999982774170e+02
-3.320000000000000728e-01 6.839999999991474624e+02
-3.300000000000000155e-01 6.839999999991474624e+02
-3.300000000000000711e-01 6.799999999986025614e+02
-3.280000000000000138e-01 6.799999999986025614e+02
-3.280000000000000693e-01 7.229999999984133865e+02
-3.260000000000000120e-01 7.229999999984133865e+02
-3.260000000000000675e-01 6.809999999991227924e+02
-3.240000000000000102e-01 6.809999999991227924e+02
-3.240000000000000657e-01 7.389999999988592663e+02
-3.220000000000000084e-01 7.389999999988592663e+02
-3.220000000000000639e-01 7.149999999987644514e+02
-3.200000000000000067e-01 7.149999999987644514e+02
-3.200000000000000622e-01 7.709999999986507646e+02
-3.180000000000000049e-01 7.709999999986507646e+02
-3.180000000000000604e-01 6.999999999991025561e+02
-3.160000000000000586e-01 6.999999999991025561e+02
-3.160000000000000586e-01 6.889999999993865458e+02
-3.140000000000000013e-01 6.889999999993865458e+02
-3.140000000000000568e-01 7.059999999989850039e+02
-3.119999999999999996e-01 7.059999999989850039e+02
-3.120000000000000551e-01 7.009999999986764578e+02
-3.099999999999999978e-01 7.009999999986764578e+02
-3.100000000000000533e-01 6.949999999991272261e+02
-3.079999999999999960e-01 6.949999999991272261e+02
-3.080000000000001070e-01 7.239999999985661816e+02
-3.060000000000000497e-01 7.239999999985661816e+02
-3.060000000000000497e-01 7.189999999992077164e+02
-3.039999999999999925e-01 7.189999999992077164e+02
-3.039999999999999925e-01 7.239999999991816821e+02
-3.019999999999999907e-01 7.239999999991816821e+02
-3.020000000000001017e-01 6.889999999985648174e+02
-3.000000000000000444e-01 6.889999999985648174e+02
-3.000000000000000444e-01 7.049999999991563300e+02
-2.979999999999999871e-01 7.049999999991563300e+02
-2.980000000000000981e-01 6.959999999988692707e+02
-2.960000000000000409e-01 6.959999999988692707e+02
-2.960000000000000409e-01 7.269999999990167225e+02
-2.939999999999999836e-01 7.269999999990167225e+02
-2.940000000000000946e-01 7.209999999993393658e+02
-2.920000000000000373e-01 7.209999999993393658e+02
-2.920000000000000373e-01 6.619999999988733634e+02
-2.899999999999999800e-01 6.619999999988733634e+02
-2.900000000000000910e-01 6.729999999986966941e+02
-2.880000000000000338e-01 6.729999999986966941e+02
-2.880000000000000338e-01 7.249999999987030606e+02
-2.860000000000000320e-01 7.249999999987030606e+02
-2.860000000000000320e-01 7.089999999988262971e+02
-2.839999999999999747e-01 7.089999999988262971e+02
-2.840000000000000857e-01 7.189999999988332320e+02
-2.820000000000000284e-01 7.189999999988332320e+02
-2.820000000000000284e-01 7.189999999987176125e+02
-2.799999999999999711e-01 7.189999999987176125e+02
-2.800000000000000822e-01 7.129999999992099902e+02
-2.780000000000000249e-01 7.129999999992099902e+02
-2.780000000000000249e-01 7.309999999991480308e+02
-2.759999999999999676e-01 7.309999999991480308e+02
-2.760000000000000786e-01 7.419999999990158130e+02
-2.740000000000000213e-01 7.419999999990158130e+02
-2.740000000000000213e-01 7.479999999986383727e+02
-2.720000000000000195e-01 7.479999999986383727e+02
-2.720000000000001306e-01 7.449999999990056949e+02
-2.700000000000000733e-01 7.449999999990056949e+02
-2.700000000000000733e-01 7.179999999989747721e+02
-2.680000000000000160e-01 7.179999999989747721e+02
-2.680000000000000160e-01 7.269999999988508534e+02
-2.659999999999999587e-01 7.269999999988508534e+02
-2.660000000000000697e-01 7.509999999986061994e+02
-2.640000000000000124e-01 7.509999999986061994e+02
-2.640000000000000124e-01 7.649999999989705657e+02
-2.619999999999999551e-01 7.649999999989705657e+02
-2.620000000000000662e-01 7.209999999992592166e+02
-2.600000000000000089e-01 7.209999999992592166e+02
-2.600000000000000089e-01 7.719999999987153387e+02
-2.580000000000000071e-01 7.719999999987153387e+02
-2.580000000000001181e-01 7.669999999987137471e+02
-2.560000000000000608e-01 7.669999999987137471e+02
-2.560000000000000608e-01 7.559999999987080628e+02
-2.540000000000000036e-01 7.559999999987080628e+02
-2.540000000000001146e-01 7.719999999987530828e+02
-2.520000000000000573e-01 7.719999999987530828e+02
-2.520000000000000573e-01 7.239999999987487627e+02
-2.500000000000000000e-01 7.239999999987487627e+02
-2.500000000000001110e-01 7.389999999987127239e+02
-2.480000000000000537e-01 7.389999999987127239e+02
-2.480000000000000537e-01 7.589999999989194066e+02
-2.460000000000000242e-01 7.589999999989194066e+02
-2.460000000000000242e-01 7.419999999989345270e+02
-2.439999999999999669e-01 7.419999999989345270e+02
-2.440000000000000779e-01 7.449999999987907131e+02
-2.420000000000000207e-01 7.449999999987907131e+02
-2.420000000000000207e-01 7.149999999990263859e+02
-2.399999999999999911e-01 7.149999999990263859e+02
-2.400000000000000744e-01 7.529999999989313437e+02
-2.380000000000000449e-01 7.529999999989313437e+02
-2.380000000000000449e-01 7.179999999992076027e+02
-2.359999999999999876e-01 7.179999999992076027e+02
-2.360000000000000986e-01 7.569999999990667447e+02
-2.340000000000000413e-01 7.569999999990667447e+02
-2.340000000000000413e-01 7.419999999989440767e+02
-2.320000000000000118e-01 7.419999999989440767e+02
-2.320000000000001228e-01 8.469999999990985771e+02
-2.300000000000000655e-01 8.469999999990985771e+02
-2.300000000000000655e-01 7.729999999986559942e+02
-2.280000000000000082e-01 7.729999999986559942e+02
-2.280000000000000082e-01 7.749999999992546691e+02
-2.259999999999999509e-01 7.749999999992546691e+02
-2.260000000000000620e-01 7.309999999991155164e+02
-2.240000000000000324e-01 7.309999999991155164e+02
-2.240000000000000324e-01 7.389999999990120614e+02
-2.219999999999999751e-01 7.389999999990120614e+02
-2.220000000000000862e-01 7.449999999988426680e+02
-2.200000000000000289e-01 7.449999999988426680e+02
-2.200000000000000289e-01 7.849999999986772536e+02
-2.179999999999999993e-01 7.849999999986772536e+02
-2.180000000000000826e-01 7.199999999988381205e+02
-2.160000000000000531e-01 7.199999999988381205e+02
-2.160000000000000531e-01 7.089999999991117647e+02
-2.139999999999999958e-01 7.089999999991117647e+02
-2.140000000000001068e-01 8.099999999989391881e+02
-2.120000000000000495e-01 8.099999999989391881e+02
-2.120000000000000495e-01 7.779999999986708872e+02
-2.100000000000000200e-01 7.779999999986708872e+02
-2.100000000000001310e-01 7.779999999993417532e+02
-2.080000000000000737e-01 7.779999999993417532e+02
-2.080000000000000737e-01 7.499999999992529638e+02
-2.060000000000000164e-01 7.499999999992529638e+02
-2.060000000000000164e-01 7.599999999991850927e+02
-2.039999999999999591e-01 7.599999999991850927e+02
-2.040000000000000702e-01 7.759999999992062385e+02
-2.020000000000000406e-01 7.759999999992062385e+02
-2.020000000000000406e-01 7.609999999989097432e+02
-1.999999999999999833e-01 7.609999999989097432e+02
-2.000000000000000944e-01 7.939999999992177209e+02
-1.980000000000000371e-01 7.939999999992177209e+02
-1.980000000000000371e-01 8.229999999991377990e+02
-1.960000000000000075e-01 8.229999999991377990e+02
-1.960000000000000908e-01 7.879999999990635615e+02
-1.940000000000000613e-01 7.879999999990635615e+02
-1.940000000000000613e-01 7.809999999994703330e+02
-1.920000000000000040e-01 7.809999999994703330e+02
-1.920000000000001150e-01 7.659999999989277057e+02
-1.900000000000000577e-01 7.659999999989277057e+02
-1.900000000000000577e-01 8.589999999983758698e+02
-1.880000000000000282e-01 8.589999999983758698e+02
-1.880000000000000282e-01 8.739999999988230002e+02
-1.859999999999999709e-01 8.739999999988230002e+02
-1.860000000000000819e-01 7.899999999986609964e+02
-1.840000000000000246e-01 7.899999999986609964e+02
-1.840000000000000246e-01 7.439999999990252491e+02
-1.819999999999999674e-01 7.439999999990252491e+02
-1.820000000000000784e-01 7.499999999991849791e+02
-1.800000000000000488e-01 7.499999999991849791e+02
-1.800000000000000488e-01 7.309999999993784741e+02
-1.779999999999999916e-01 7.309999999993784741e+02
-1.780000000000001026e-01 7.989999999993157189e+02
-1.760000000000000453e-01 7.989999999993157189e+02
-1.760000000000000453e-01 7.549999999988698391e+02
-1.739999999999999880e-01 7.549999999988698391e+02
-1.740000000000000990e-01 7.969999999990968718e+02
-1.720000000000000695e-01 7.969999999990968718e+02
-1.720000000000000695e-01 7.679999999992279527e+02
-1.700000000000000122e-01 7.679999999992279527e+02
-1.700000000000001232e-01 7.879999999986130206e+02
-1.680000000000000659e-01 7.879999999986130206e+02
-1.680000000000000659e-01 7.969999999992635367e+02
-1.660000000000000364e-01 7.969999999992635367e+02
-1.660000000000000364e-01 7.889999999989997832e+02
-1.639999999999999791e-01 7.889999999989997832e+02
-1.640000000000000902e-01 8.169999999991517825e+02
-1.620000000000000329e-01 8.169999999991517825e+02
-1.620000000000000329e-01 7.669999999991832738e+02
-1.599999999999999756e-01 7.669999999991832738e+02
-1.600000000000000866e-01 7.759999999989962589e+02
-1.580000000000000571e-01 7.759999999989962589e+02
-1.580000000000000571e-01 7.999999999989253183e+02
-1.559999999999999998e-01 7.999999999989253183e+02
-1.560000000000001108e-01 7.339999999992310222e+02
-1.540000000000000535e-01 7.339999999992310222e+02
-1.540000000000000535e-01 7.969999999992051016e+02
-1.519999999999999962e-01 7.969999999992051016e+02
-1.520000000000001072e-01 7.879999999989361186e+02
-1.500000000000000777e-01 7.879999999989361186e+02
-1.500000000000000777e-01 7.799999999991543973e+02
-1.480000000000000204e-01 7.799999999991543973e+02
-1.480000000000000204e-01 8.069999999988419859e+02
-1.459999999999999631e-01 8.069999999988419859e+02
-1.460000000000000742e-01 7.729999999987827550e+02
-1.440000000000000169e-01 7.729999999987827550e+02
-1.440000000000000169e-01 8.199999999985278691e+02
-1.419999999999999873e-01 8.199999999985278691e+02
-1.420000000000000984e-01 8.109999999989286152e+02
-1.400000000000000411e-01 8.109999999989286152e+02
-1.400000000000000411e-01 8.089999999990340029e+02
-1.379999999999999838e-01 8.089999999990340029e+02
-1.380000000000000948e-01 7.919999999989581738e+02
-1.360000000000000653e-01 7.919999999989581738e+02
-1.360000000000000653e-01 8.429999999989076969e+02
-1.340000000000000080e-01 8.429999999989076969e+02
-1.340000000000001190e-01 8.359999999990179731e+02
-1.320000000000000617e-01 8.359999999990179731e+02
-1.320000000000000617e-01 8.699999999988086756e+02
-1.300000000000000044e-01 8.699999999988086756e+02
-1.300000000000000044e-01 8.079999999989297521e+02
-1.279999999999999749e-01 8.079999999989297521e+02
-1.280000000000000859e-01 8.719999999989846629e+02
-1.260000000000000286e-01 8.719999999989846629e+02
-1.260000000000000286e-01 7.969999999990135393e+02
-1.239999999999999714e-01 7.969999999990135393e+02
-1.240000000000000824e-01 7.819999999989425987e+02
-1.220000000000000390e-01 7.819999999989425987e+02
-1.220000000000000390e-01 7.849999999987365982e+02
-1.199999999999999956e-01 7.849999999987365982e+02
-1.200000000000000927e-01 8.189999999991401864e+02
-1.180000000000000493e-01 8.189999999991401864e+02
-1.180000000000000493e-01 8.499999999993717665e+02
-1.160000000000000059e-01 8.499999999993717665e+02
-1.160000000000001030e-01 8.289999999989420303e+02
-1.140000000000000596e-01 8.289999999989420303e+02
-1.140000000000000596e-01 8.529999999986438297e+02
-1.120000000000000162e-01 8.529999999986438297e+02
-1.120000000000001272e-01 8.619999999989720436e+02
-1.100000000000000699e-01 8.619999999989720436e+02
-1.100000000000000699e-01 8.259999999988677928e+02
-1.080000000000000265e-01 8.259999999988677928e+02
-1.080000000000000265e-01 8.609999999987650199e+02
-1.059999999999999692e-01 8.609999999987650199e+02
-1.060000000000000803e-01 8.399999999988594936e+02
-1.040000000000000369e-01 8.399999999988594936e+02
-1.040000000000000369e-01 8.429999999989737489e+02
-1.019999999999999796e-01 8.429999999989737489e+02
-1.020000000000000906e-01 8.199999999989076969e+02
-1.000000000000000472e-01 8.199999999989076969e+02
-1.000000000000000472e-01 8.049999999992759285e+02
-9.800000000000000377e-02 8.049999999992759285e+02
-9.800000000000010092e-02 8.469999999988871195e+02
-9.600000000000005751e-02 8.469999999988871195e+02
-9.600000000000005751e-02 8.199999999991299546e+02
-9.400000000000001410e-02 8.199999999991299546e+02
-9.400000000000011124e-02 8.479999999990019433e+02
-9.200000000000006783e-02 8.479999999990019433e+02
-9.200000000000006783e-02 8.369999999990493507e+02
-9.000000000000002442e-02 8.369999999990493507e+02
-9.000000000000002442e-02 9.019999999987329602e+02
-8.799999999999996714e-02 9.019999999987329602e+02
-8.800000000000007816e-02 8.179999999991848654e+02
-8.600000000000003475e-02 8.179999999991848654e+02
-8.600000000000003475e-02 8.639999999989170192e+02
-8.399999999999997746e-02 8.639999999989170192e+02
-8.400000000000008848e-02 8.679999999992021458e+02
-8.200000000000004508e-02 8.679999999992021458e+02
-8.200000000000004508e-02 8.809999999987078354e+02
-7.999999999999998779e-02 8.809999999987078354e+02
-8.000000000000009881e-02 8.729999999991072173e+02
-7.800000000000005540e-02 8.729999999991072173e+02
-7.800000000000005540e-02 8.489999999992247695e+02
-7.599999999999999811e-02 8.489999999992247695e+02
-7.600000000000010913e-02 8.549999999990959623e+02
-7.400000000000006573e-02 8.549999999990959623e+02
-7.400000000000006573e-02 8.209999999992046469e+02
-7.200000000000000844e-02 8.209999999992046469e+02
-7.200000000000011946e-02 8.569999999990452579e+02
-7.000000000000007605e-02 8.569999999990452579e+02
-7.000000000000007605e-02 8.549999999989008757e+02
-6.800000000000003264e-02 8.549999999989008757e+02
-6.800000000000003264e-02 8.529999999988809805e+02
-6.599999999999997535e-02 8.529999999988809805e+02
-6.600000000000008638e-02 8.569999999990296828e+02
-6.400000000000004297e-02 8.569999999990296828e+02
-6.400000000000004297e-02 8.279999999989347543e+02
-6.199999999999998568e-02 8.279999999989347543e+02
-6.200000000000009670e-02 8.399999999990375272e+02
-6.000000000000004635e-02 8.399999999990375272e+02
-6.000000000000004635e-02 8.399999999989745447e+02
-5.800000000000000294e-02 8.399999999989745447e+02
-5.800000000000010703e-02 8.979999999991944151e+02
-5.600000000000006362e-02 8.979999999991944151e+02
-5.600000000000006362e-02 8.559999999990451442e+02
-5.400000000000001327e-02 8.559999999990451442e+02
-5.400000000000011735e-02 8.139999999988541504e+02
-5.200000000000007394e-02 8.139999999988541504e+02
-5.200000000000007394e-02 9.029999999988501713e+02
-5.000000000000002359e-02 9.029999999988501713e+02
-5.000000000000002359e-02 8.669999999990616288e+02
-4.799999999999997324e-02 8.669999999990616288e+02
-4.800000000000008427e-02 8.859999999988298214e+02
-4.600000000000003392e-02 8.859999999988298214e+02
-4.600000000000003392e-02 8.489999999991005097e+02
-4.399999999999998357e-02 8.489999999991005097e+02
-4.400000000000009459e-02 8.869999999991648565e+02
-4.200000000000004424e-02 8.869999999991648565e+02
-4.200000000000004424e-02 8.909999999988503987e+02
-3.999999999999999389e-02 8.909999999988503987e+02
-4.000000000000010492e-02 8.709999999991150617e+02
-3.800000000000005457e-02 8.709999999991150617e+02
-3.800000000000005457e-02 8.449999999991224513e+02
-3.600000000000000422e-02 8.449999999991224513e+02
-3.600000000000011524e-02 8.709999999990440074e+02
-3.400000000000006489e-02 8.709999999990440074e+02
-3.400000000000006489e-02 9.069999999991684945e+02
-3.200000000000002148e-02 9.069999999991684945e+02
-3.200000000000002148e-02 8.879999999990450306e+02
-2.999999999999997113e-02 8.879999999990450306e+02
-3.000000000000007869e-02 9.029999999988847321e+02
-2.800000000000003181e-02 9.029999999988847321e+02
-2.800000000000003181e-02 8.409999999990056949e+02
-2.599999999999998146e-02 8.409999999990056949e+02
-2.600000000000008901e-02 8.809999999988115178e+02
-2.400000000000004213e-02 8.809999999988115178e+02
-2.400000000000004213e-02 8.829999999988874606e+02
-2.199999999999999178e-02 8.829999999988874606e+02
-2.200000000000010281e-02 8.619999999987537649e+02
-2.000000000000005246e-02 8.619999999987537649e+02
-2.000000000000005246e-02 8.749999999989845492e+02
-1.800000000000000211e-02 8.749999999989845492e+02
-1.800000000000011313e-02 9.349999999991275672e+02
-1.600000000000006278e-02 9.349999999991275672e+02
-1.600000000000006278e-02 8.909999999991978257e+02
-1.400000000000001590e-02 8.909999999991978257e+02
-1.400000000000012346e-02 8.919999999989341859e+02
-1.200000000000007484e-02 8.919999999989341859e+02
-1.200000000000007484e-02 8.879999999990695869e+02
-1.000000000000002623e-02 8.879999999990695869e+02
-1.000000000000002623e-02 9.149999999987596766e+02
-7.999999999999977615e-03 9.149999999987596766e+02
-8.000000000000086903e-03 8.879999999990927790e+02
-6.000000000000037421e-03 8.879999999990927790e+02
-6.000000000000037421e-03 9.459999999989378239e+02
-3.999999999999988808e-03 9.459999999989378239e+02
-4.000000000000097228e-03 9.329999999990368451e+02
-2.000000000000048614e-03 9.329999999990368451e+02
-2.000000000000048614e-03 9.209999999992453468e+02
0.000000000000000000e+00 9.209999999992453468e+02
-1.084202172485504434e-16 8.459999999988126547e+02
1.999999999999940194e-03 8.459999999988126547e+02
1.999999999999940194e-03 9.299999999992111270e+02
3.999999999999988808e-03 9.299999999992111270e+02
3.999999999999880387e-03 9.259999999986949888e+02
5.999999999999929001e-03 9.259999999986949888e+02
5.999999999999929001e-03 8.619999999992209041e+02
7.999999999999977615e-03 8.619999999992209041e+02
7.999999999999977615e-03 9.539999999991434834e+02
1.000000000000002623e-02 9.539999999991434834e+02
9.999999999999918676e-03 9.139999999990189963e+02
1.199999999999996556e-02 9.139999999990189963e+02
1.199999999999996556e-02 8.969999999991621280e+02
1.400000000000001590e-02 8.969999999991621280e+02
1.399999999999990662e-02 9.819999999987993533e+02
1.599999999999995523e-02 9.819999999987993533e+02
1.599999999999995523e-02 9.379999999989058779e+02
1.800000000000000211e-02 9.379999999989058779e+02
1.799999999999989456e-02 9.509999999990321840e+02
1.999999999999994491e-02 9.509999999990321840e+02
1.999999999999994491e-02 1.005999999998960561e+03
2.199999999999999178e-02 1.005999999998960561e+03
2.199999999999988423e-02 9.579999999992196535e+02
2.399999999999993111e-02 9.579999999992196535e+02
2.399999999999993111e-02 9.939999999990665174e+02
2.599999999999998146e-02 9.939999999990665174e+02
2.599999999999987391e-02 9.329999999988647232e+02
2.799999999999992079e-02 9.329999999988647232e+02
2.799999999999992079e-02 9.449999999988594936e+02
2.999999999999997113e-02 9.449999999988594936e+02
2.999999999999997113e-02 9.939999999990184278e+02
3.200000000000002148e-02 9.939999999990184278e+02
3.199999999999991046e-02 9.489999999991769073e+02
3.399999999999996081e-02 9.489999999991769073e+02
3.399999999999996081e-02 9.769999999990276365e+02
3.600000000000000422e-02 9.769999999990276365e+02
3.599999999999990014e-02 1.004999999999031388e+03
3.799999999999995048e-02 1.004999999999031388e+03
3.799999999999995048e-02 1.002999999999025476e+03
3.999999999999999389e-02 1.002999999999025476e+03
3.999999999999988981e-02 8.959999999992551238e+02
4.199999999999994016e-02 8.959999999992551238e+02
4.199999999999994016e-02 9.449999999992492121e+02
4.399999999999998357e-02 9.449999999992492121e+02
4.399999999999987949e-02 9.229999999992264748e+02
4.599999999999992290e-02 9.229999999992264748e+02
4.599999999999992290e-02 9.619999999988480113e+02
4.799999999999997324e-02 9.619999999988480113e+02
4.799999999999997324e-02 9.699999999991704271e+02
5.000000000000002359e-02 9.699999999991704271e+02
4.999999999999991257e-02 1.012999999999103238e+03
5.199999999999996292e-02 1.012999999999103238e+03
5.199999999999996292e-02 9.759999999989693151e+02
5.400000000000001327e-02 9.759999999989693151e+02
5.399999999999990224e-02 9.089999999989483968e+02
5.599999999999995259e-02 9.089999999989483968e+02
5.599999999999995259e-02 9.479999999990393462e+02
5.800000000000000294e-02 9.479999999990393462e+02
5.799999999999989192e-02 1.032999999998771273e+03
5.999999999999994227e-02 1.032999999998771273e+03
5.999999999999994227e-02 1.024999999998934754e+03
6.199999999999998568e-02 1.024999999998934754e+03
6.199999999999988159e-02 9.729999999990427568e+02
6.399999999999993194e-02 9.729999999990427568e+02
6.399999999999993194e-02 1.013999999998538669e+03
6.599999999999997535e-02 1.013999999998538669e+03
6.599999999999986433e-02 1.000999999999092893e+03
6.799999999999992162e-02 1.000999999999092893e+03
6.799999999999992162e-02 1.008999999999031502e+03
6.999999999999996503e-02 1.008999999999031502e+03
6.999999999999996503e-02 9.559999999990857305e+02
7.200000000000000844e-02 9.559999999990857305e+02
7.199999999999991129e-02 9.929999999991490540e+02
7.399999999999995470e-02 9.929999999991490540e+02
7.399999999999995470e-02 9.719999999990280912e+02
7.599999999999999811e-02 9.719999999990280912e+02
7.599999999999990097e-02 1.003999999999088459e+03
7.799999999999994438e-02 1.003999999999088459e+03
7.799999999999994438e-02 9.949999999991338200e+02
7.999999999999998779e-02 9.949999999991338200e+02
7.999999999999989064e-02 1.007999999998756266e+03
8.199999999999993405e-02 1.007999999998756266e+03
8.199999999999993405e-02 1.014999999999190663e+03
8.399999999999997746e-02 1.014999999999190663e+03
8.399999999999988032e-02 1.009999999998935664e+03
8.599999999999992373e-02 1.009999999998935664e+03
8.599999999999992373e-02 9.999999999990685637e+02
8.799999999999996714e-02 9.999999999990685637e+02
8.799999999999996714e-02 9.989999999990013748e+02
9.000000000000002442e-02 9.989999999990013748e+02
8.999999999999991340e-02 9.829999999987797992e+02
9.199999999999995681e-02 9.829999999987797992e+02
9.199999999999995681e-02 1.028999999998846306e+03
9.400000000000001410e-02 1.028999999998846306e+03
9.399999999999990308e-02 1.049999999999150532e+03
9.599999999999994649e-02 1.049999999999150532e+03
9.599999999999994649e-02 1.036999999999033435e+03
9.800000000000000377e-02 1.036999999999033435e+03
9.799999999999989275e-02 1.023999999999086867e+03
9.999999999999993616e-02 1.023999999999086867e+03
9.999999999999993616e-02 1.003999999999097781e+03
1.019999999999999796e-01 1.003999999999097781e+03
1.019999999999998824e-01 9.689999999990888000e+02
1.039999999999999258e-01 9.689999999990888000e+02
1.039999999999999258e-01 1.029999999999000693e+03
1.059999999999999692e-01 1.029999999999000693e+03
1.059999999999999692e-01 1.023999999999054808e+03
1.080000000000000265e-01 1.023999999999054808e+03
1.079999999999999155e-01 1.048999999999057991e+03
1.099999999999999589e-01 1.048999999999057991e+03
1.099999999999999589e-01 1.033999999999002057e+03
1.120000000000000162e-01 1.033999999999002057e+03
1.119999999999999052e-01 9.769999999989031494e+02
1.139999999999999486e-01 9.769999999989031494e+02
1.139999999999999486e-01 1.073999999999099145e+03
1.160000000000000059e-01 1.073999999999099145e+03
1.159999999999998949e-01 1.037999999998942712e+03
1.179999999999999383e-01 1.037999999998942712e+03
1.179999999999999383e-01 1.001999999998996941e+03
1.199999999999999956e-01 1.001999999998996941e+03
1.199999999999998845e-01 1.074999999998933617e+03
1.219999999999999279e-01 1.074999999998933617e+03
1.219999999999999279e-01 1.088999999999197826e+03
1.239999999999999714e-01 1.088999999999197826e+03
1.239999999999998742e-01 1.018999999999278998e+03
1.259999999999999176e-01 1.018999999999278998e+03
1.259999999999999176e-01 1.047999999999134843e+03
1.279999999999999749e-01 1.047999999999134843e+03
1.279999999999999749e-01 9.879999999991108552e+02
1.300000000000000044e-01 9.879999999991108552e+02
1.299999999999998934e-01 1.068999999999038664e+03
1.319999999999999507e-01 1.068999999999038664e+03
1.319999999999999507e-01 1.064999999999166448e+03
1.340000000000000080e-01 1.064999999999166448e+03
1.339999999999998970e-01 1.017999999999247166e+03
1.359999999999999543e-01 1.017999999999247166e+03
1.359999999999999543e-01 1.080999999999045031e+03
1.379999999999999838e-01 1.080999999999045031e+03
1.379999999999998728e-01 1.096999999998877684e+03
1.399999999999999301e-01 1.096999999998877684e+03
1.399999999999999301e-01 1.115999999999007969e+03
1.419999999999999873e-01 1.115999999999007969e+03
1.419999999999998763e-01 1.063999999999002284e+03
1.439999999999999336e-01 1.063999999999002284e+03
1.439999999999999336e-01 1.064999999999088232e+03
1.459999999999999631e-01 1.064999999999088232e+03
1.459999999999999631e-01 1.132999999998819476e+03
1.480000000000000204e-01 1.132999999998819476e+03
1.479999999999999094e-01 1.061999999998979547e+03
1.499999999999999667e-01 1.061999999998979547e+03
1.499999999999999667e-01 1.061999999999174861e+03
1.519999999999999962e-01 1.061999999999174861e+03
1.519999999999999130e-01 1.086999999999039346e+03
1.539999999999999425e-01 1.086999999999039346e+03
1.539999999999999425e-01 1.131999999998889052e+03
1.559999999999999998e-01 1.131999999998889052e+03
1.559999999999998888e-01 1.139999999999075953e+03
1.579999999999999460e-01 1.139999999999075953e+03
1.579999999999999460e-01 1.120999999998783551e+03
1.599999999999999756e-01 1.120999999998783551e+03
1.599999999999998646e-01 1.171999999999040710e+03
1.619999999999999218e-01 1.171999999999040710e+03
1.619999999999999218e-01 1.063999999999005468e+03
1.639999999999999791e-01 1.063999999999005468e+03
1.639999999999998681e-01 1.144999999998908152e+03
1.659999999999999254e-01 1.144999999998908152e+03
1.659999999999999254e-01 1.147999999999206466e+03
1.679999999999999549e-01 1.147999999999206466e+03
1.679999999999999549e-01 1.044999999999131205e+03
1.700000000000000122e-01 1.044999999999131205e+03
1.699999999999999012e-01 1.137999999999134161e+03
1.719999999999999585e-01 1.137999999999134161e+03
1.719999999999999585e-01 1.184999999999020474e+03
1.739999999999999880e-01 1.184999999999020474e+03
1.739999999999999047e-01 1.075999999999070496e+03
1.759999999999999343e-01 1.075999999999070496e+03
1.759999999999999343e-01 1.096999999999057536e+03
1.779999999999999916e-01 1.096999999999057536e+03
1.779999999999998805e-01 1.087999999998934982e+03
1.799999999999999378e-01 1.087999999998934982e+03
1.799999999999999378e-01 1.137999999999079819e+03
1.819999999999999674e-01 1.137999999999079819e+03
1.819999999999999674e-01 1.089999999999057309e+03
1.840000000000000246e-01 1.089999999999057309e+03
1.839999999999998026e-01 1.141999999998877001e+03
1.859999999999998599e-01 1.141999999998877001e+03
1.859999999999998599e-01 1.106999999999096872e+03
1.879999999999999172e-01 1.106999999999096872e+03
1.879999999999999172e-01 1.203999999999234660e+03
1.899999999999999467e-01 1.203999999999234660e+03
1.899999999999999467e-01 1.058999999999238980e+03
1.920000000000000040e-01 1.058999999999238980e+03
1.920000000000000040e-01 1.166999999999170996e+03
1.940000000000000613e-01 1.166999999999170996e+03
1.939999999999998392e-01 1.176999999998979774e+03
1.959999999999998965e-01 1.176999999998979774e+03
1.959999999999998965e-01 1.208999999999048441e+03
1.979999999999999261e-01 1.208999999999048441e+03
1.979999999999999261e-01 1.224999999999090960e+03
1.999999999999999833e-01 1.224999999999090960e+03
1.999999999999999833e-01 1.174999999998926796e+03
2.020000000000000406e-01 1.174999999998926796e+03
2.019999999999998186e-01 1.191999999998870862e+03
2.039999999999998759e-01 1.191999999998870862e+03
2.039999999999998759e-01 1.149999999999054808e+03
2.059999999999999054e-01 1.149999999999054808e+03
2.059999999999999054e-01 1.162999999999070724e+03
2.079999999999999627e-01 1.162999999999070724e+03
2.079999999999999627e-01 1.176999999998837666e+03
2.100000000000000200e-01 1.176999999998837666e+03
2.100000000000000200e-01 1.152999999999005240e+03
2.120000000000000495e-01 1.152999999999005240e+03
2.119999999999998275e-01 1.172999999999099600e+03
2.139999999999998848e-01 1.172999999999099600e+03
2.139999999999998848e-01 1.130999999999067313e+03
2.159999999999999420e-01 1.130999999999067313e+03
2.159999999999999420e-01 1.268999999998765134e+03
2.179999999999999993e-01 1.268999999998765134e+03
2.179999999999999993e-01 1.240999999998992052e+03
2.200000000000000289e-01 1.240999999998992052e+03
2.199999999999998068e-01 1.244999999998725571e+03
2.219999999999998641e-01 1.244999999998725571e+03
2.219999999999998641e-01 1.191999999999043212e+03
2.239999999999999214e-01 1.191999999999043212e+03
2.239999999999999214e-01 1.204999999998985913e+03
2.259999999999999509e-01 1.204999999998985913e+03
2.259999999999999509e-01 1.156999999998978637e+03
2.280000000000000082e-01 1.156999999998978637e+03
2.280000000000000082e-01 1.193999999999153488e+03
2.300000000000000655e-01 1.193999999999153488e+03
2.299999999999998435e-01 1.153999999999060037e+03
2.319999999999999007e-01 1.153999999999060037e+03
2.319999999999999007e-01 1.202999999998801059e+03
2.339999999999999303e-01 1.202999999998801059e+03
2.339999999999999303e-01 1.193999999998936801e+03
2.359999999999999876e-01 1.193999999998936801e+03
2.359999999999999876e-01 1.169999999999222609e+03
2.380000000000000449e-01 1.169999999999222609e+03
2.379999999999998228e-01 1.247999999999247621e+03
2.399999999999998801e-01 1.247999999999247621e+03
2.399999999999998801e-01 1.185999999999238298e+03
2.419999999999999096e-01 1.185999999999238298e+03
2.419999999999999096e-01 1.200999999999212150e+03
2.439999999999999669e-01 1.200999999999212150e+03
2.439999999999999669e-01 1.250999999998949761e+03
2.460000000000000242e-01 1.250999999998949761e+03
2.460000000000000242e-01 1.246999999999019792e+03
2.480000000000000537e-01 1.246999999999019792e+03
2.479999999999998594e-01 1.244999999998938165e+03
2.499999999999998890e-01 1.244999999998938165e+03
2.499999999999998890e-01 1.212999999998981139e+03
2.519999999999999463e-01 1.212999999998981139e+03
2.519999999999999463e-01 1.219999999998975454e+03
2.540000000000000036e-01 1.219999999998975454e+03
2.540000000000000036e-01 1.192999999998989551e+03
2.560000000000000608e-01 1.192999999998989551e+03
2.559999999999998388e-01 1.191999999999083911e+03
2.579999999999998961e-01 1.191999999999083911e+03
2.579999999999998961e-01 1.316999999999270813e+03
2.599999999999998979e-01 1.316999999999270813e+03
2.599999999999998979e-01 1.204999999999063220e+03
2.619999999999999551e-01 1.204999999999063220e+03
2.619999999999999551e-01 1.233999999999245802e+03
2.640000000000000124e-01 1.233999999999245802e+03
2.640000000000000124e-01 1.237999999999075271e+03
2.660000000000000697e-01 1.237999999999075271e+03
2.659999999999998477e-01 1.287999999999123929e+03
2.679999999999999050e-01 1.287999999999123929e+03
2.679999999999999050e-01 1.217999999999155534e+03
2.699999999999999623e-01 1.217999999999155534e+03
2.699999999999999623e-01 1.281999999998917247e+03
2.720000000000000195e-01 1.281999999998917247e+03
2.720000000000000195e-01 1.209999999999043439e+03
2.740000000000000213e-01 1.209999999999043439e+03
2.739999999999998548e-01 1.248999999999238753e+03
2.759999999999998566e-01 1.248999999999238753e+03
2.759999999999998566e-01 1.291999999999205556e+03
2.779999999999999138e-01 1.291999999999205556e+03
2.779999999999999138e-01 1.304999999999185093e+03
2.799999999999999711e-01 1.304999999999185093e+03
2.799999999999999711e-01 1.332999999999123474e+03
2.820000000000000284e-01 1.332999999999123474e+03
2.819999999999998064e-01 1.256999999999162810e+03
2.839999999999998637e-01 1.256999999999162810e+03
2.839999999999998637e-01 1.304999999999167130e+03
2.859999999999999210e-01 1.304999999999167130e+03
2.859999999999999210e-01 1.319999999999124839e+03
2.879999999999999782e-01 1.319999999999124839e+03
2.879999999999999782e-01 1.331999999998885642e+03
2.899999999999999800e-01 1.331999999998885642e+03
2.899999999999999800e-01 1.372999999998824478e+03
2.920000000000000373e-01 1.372999999998824478e+03
2.919999999999998153e-01 1.273999999999074589e+03
2.939999999999998725e-01 1.273999999999074589e+03
2.939999999999998725e-01 1.274999999998782641e+03
2.959999999999999298e-01 1.274999999998782641e+03
2.959999999999999298e-01 1.320999999999184411e+03
2.979999999999999871e-01 1.320999999999184411e+03
2.979999999999999871e-01 1.277999999999226247e+03
3.000000000000000444e-01 1.277999999999226247e+03
2.999999999999998224e-01 1.306999999999105739e+03
3.019999999999998797e-01 1.306999999999105739e+03
3.019999999999998797e-01 1.279999999999230567e+03
3.039999999999998814e-01 1.279999999999230567e+03
3.039999999999998814e-01 1.308999999999126658e+03
3.059999999999999387e-01 1.308999999999126658e+03
3.059999999999999387e-01 1.270999999999323336e+03
3.079999999999999960e-01 1.270999999999323336e+03
3.079999999999999960e-01 1.352999999999118245e+03
3.100000000000000533e-01 1.352999999999118245e+03
3.099999999999998312e-01 1.335999999998987505e+03
3.119999999999998885e-01 1.335999999998987505e+03
3.119999999999998885e-01 1.342999999999046167e+03
3.139999999999999458e-01 1.342999999999046167e+03
3.139999999999999458e-01 1.249999999999227157e+03
3.160000000000000031e-01 1.249999999999227157e+03
3.160000000000000031e-01 1.338999999999104602e+03
3.180000000000000049e-01 1.338999999999104602e+03
3.179999999999998384e-01 1.357999999998978637e+03
3.199999999999998401e-01 1.357999999998978637e+03
3.199999999999998401e-01 1.349999999999123929e+03
3.219999999999998974e-01 1.349999999999123929e+03
3.219999999999998974e-01 1.337999999999081183e+03
3.239999999999999547e-01 1.337999999999081183e+03
3.239999999999999547e-01 1.281999999999232159e+03
3.260000000000000120e-01 1.281999999999232159e+03
3.260000000000000120e-01 1.289999999999065949e+03
3.280000000000000693e-01 1.289999999999065949e+03
3.279999999999998472e-01 1.265999999999079137e+03
3.299999999999999045e-01 1.265999999999079137e+03
3.299999999999999045e-01 1.325999999999106876e+03
3.319999999999999618e-01 1.325999999999106876e+03
3.319999999999999618e-01 1.211999999999133479e+03
3.339999999999999636e-01 1.211999999999133479e+03
3.339999999999999636e-01 1.268999999999103011e+03
3.360000000000000209e-01 1.268999999999103011e+03
3.359999999999997988e-01 1.247999999998887915e+03
3.379999999999998561e-01 1.247999999998887915e+03
3.379999999999998561e-01 1.178999999998850853e+03
3.399999999999999134e-01 1.178999999998850853e+03
3.399999999999999134e-01 1.188999999999254214e+03
3.419999999999999707e-01 1.188999999999254214e+03
3.419999999999999707e-01 1.139999999999321290e+03
3.440000000000000280e-01 1.139999999999321290e+03
3.440000000000000280e-01 1.225999999999192823e+03
3.460000000000000853e-01 1.225999999999192823e+03
3.459999999999998632e-01 1.138999999998863132e+03
3.479999999999999205e-01 1.138999999998863132e+03
3.479999999999999205e-01 1.188999999999139618e+03
3.499999999999999223e-01 1.188999999999139618e+03
3.499999999999999223e-01 1.129999999999291958e+03
3.519999999999999796e-01 1.129999999999291958e+03
3.519999999999999796e-01 1.113999999998907469e+03
3.540000000000000369e-01 1.113999999998907469e+03
3.539999999999998148e-01 1.075999999999037072e+03
3.559999999999998721e-01 1.075999999999037072e+03
3.559999999999998721e-01 9.919999999992897983e+02
3.579999999999999294e-01 9.919999999992897983e+02
3.579999999999999294e-01 9.839999999992285211e+02
3.599999999999999867e-01 9.839999999992285211e+02
3.599999999999999867e-01 9.699999999989555590e+02
3.620000000000000440e-01 9.699999999989555590e+02
3.620000000000000440e-01 9.669999999991198365e+02
3.640000000000000457e-01 9.669999999991198365e+02
3.639999999999998237e-01 9.349999999991508730e+02
3.659999999999998810e-01 9.349999999991508730e+02
3.659999999999998810e-01 9.429999999989431672e+02
3.679999999999999383e-01 9.429999999989431672e+02
3.679999999999999383e-01 8.399999999994790869e+02
3.699999999999999956e-01 8.399999999994790869e+02
3.699999999999999956e-01 7.949999999990707238e+02
3.720000000000000528e-01 7.949999999990707238e+02
3.719999999999998308e-01 8.209999999994359996e+02
3.739999999999998881e-01 8.209999999994359996e+02
3.739999999999998881e-01 7.789999999990207016e+02
3.759999999999999454e-01 7.789999999990207016e+02
3.759999999999999454e-01 7.399999999992293169e+02
3.779999999999999472e-01 7.399999999992293169e+02
3.779999999999999472e-01 7.229999999992495532e+02
3.800000000000000044e-01 7.229999999992495532e+02
3.799999999999997824e-01 6.679999999989080379e+02
3.819999999999998397e-01 6.679999999989080379e+02
3.819999999999998397e-01 6.359999999993011670e+02
3.839999999999998970e-01 6.359999999993011670e+02
3.839999999999998970e-01 6.199999999992999165e+02
3.859999999999999543e-01 6.199999999992999165e+02
3.859999999999999543e-01 5.789999999993925712e+02
3.880000000000000115e-01 5.789999999993925712e+02
3.880000000000000115e-01 5.229999999993094661e+02
3.900000000000000688e-01 5.229999999993094661e+02
3.899999999999998468e-01 5.789999999993178790e+02
3.919999999999999041e-01 5.789999999993178790e+02
3.919999999999999041e-01 4.909999999989823323e+02
3.939999999999999059e-01 4.909999999989823323e+02
3.939999999999999059e-01 4.489999999992432436e+02
3.959999999999999631e-01 4.489999999992432436e+02
3.959999999999999631e-01 4.659999999991071036e+02
3.980000000000000204e-01 4.659999999991071036e+02
3.979999999999997984e-01 4.189999999993393089e+02
3.999999999999998557e-01 4.189999999993393089e+02
3.999999999999998557e-01 4.079999999993429469e+02
4.019999999999999130e-01 4.079999999993429469e+02
4.019999999999999130e-01 3.889999999994432187e+02
4.039999999999999702e-01 3.889999999994432187e+02
4.039999999999999702e-01 3.889999999989746584e+02
4.060000000000000275e-01 3.889999999989746584e+02
4.060000000000000275e-01 3.179999999994156497e+02
4.080000000000000293e-01 3.179999999994156497e+02
4.079999999999998073e-01 3.139999999992504058e+02
4.099999999999998646e-01 3.139999999992504058e+02
4.099999999999998646e-01 2.699999999990928927e+02
4.119999999999999218e-01 2.699999999990928927e+02
4.119999999999999218e-01 2.429999999995638404e+02
4.139999999999999791e-01 2.429999999995638404e+02
4.139999999999999791e-01 2.519999999992402593e+02
4.160000000000000364e-01 2.519999999992402593e+02
4.159999999999998144e-01 2.389999999992746496e+02
4.179999999999998717e-01 2.389999999992746496e+02
4.179999999999998717e-01 2.309999999994319637e+02
4.199999999999999289e-01 2.309999999994319637e+02
4.199999999999999289e-01 2.309999999990070592e+02
4.219999999999999307e-01 2.309999999990070592e+02
4.219999999999999307e-01 1.669999999991428012e+02
4.239999999999999880e-01 1.669999999991428012e+02
4.239999999999999880e-01 1.879999999990774313e+02
4.260000000000000453e-01 1.879999999990774313e+02
4.259999999999998233e-01 1.639999999995577582e+02
4.279999999999998805e-01 1.639999999995577582e+02
4.279999999999998805e-01 1.779999999992936637e+02
4.299999999999999378e-01 1.779999999992936637e+02
4.299999999999999378e-01 1.289999999994514326e+02
4.319999999999999951e-01 1.289999999994514326e+02
4.319999999999999951e-01 1.409999999991331663e+02
4.340000000000000524e-01 1.409999999991331663e+02
4.339999999999998304e-01 1.439999999990802166e+02
4.359999999999998876e-01 1.439999999990802166e+02
4.359999999999998876e-01 1.159999999995613535e+02
4.379999999999998894e-01 1.159999999995613535e+02
4.379999999999998894e-01 1.359999999991084394e+02
4.399999999999999467e-01 1.359999999991084394e+02
4.399999999999999467e-01 1.199999999995439168e+02
4.420000000000000040e-01 1.199999999995439168e+02
4.420000000000000040e-01 1.209999999992999733e+02
4.440000000000000613e-01 1.209999999992999733e+02
4.439999999999998392e-01 1.219999999993070503e+02
4.459999999999998965e-01 1.219999999993070503e+02
4.459999999999998965e-01 1.089999999992909494e+02
4.479999999999999538e-01 1.089999999992909494e+02
4.479999999999999538e-01 1.109999999992430020e+02
4.500000000000000111e-01 1.109999999992430020e+02
4.500000000000000111e-01 9.399999999932100536e+01
4.520000000000000129e-01 9.399999999932100536e+01
4.519999999999998463e-01 1.019999999993575983e+02
4.539999999999998481e-01 1.019999999993575983e+02
4.539999999999998481e-01 9.999999999953084284e+01
4.559999999999999054e-01 9.999999999953084284e+01
4.559999999999999054e-01 9.299999999938447104e+01
4.579999999999999627e-01 9.299999999938447104e+01
4.579999999999999627e-01 8.799999999924305882e+01
4.600000000000000200e-01 8.799999999924305882e+01
4.599999999999997979e-01 8.099999999953233498e+01
4.619999999999998552e-01 8.099999999953233498e+01
4.619999999999998552e-01 9.199999999931515049e+01
4.639999999999999125e-01 9.199999999931515049e+01
4.639999999999999125e-01 8.099999999903050707e+01
4.659999999999999698e-01 8.099999999903050707e+01
4.659999999999999698e-01 9.099999999951288032e+01
4.679999999999999716e-01 9.099999999951288032e+01
4.679999999999999716e-01 8.899999999952196106e+01
4.700000000000000289e-01 8.899999999952196106e+01
4.699999999999998068e-01 8.599999999947596052e+01
4.719999999999998641e-01 8.599999999947596052e+01
4.719999999999998641e-01 8.899999999931509365e+01
4.739999999999999214e-01 8.899999999931509365e+01
4.739999999999999214e-01 8.799999999917179139e+01
4.759999999999999787e-01 8.799999999917179139e+01
4.759999999999999787e-01 7.599999999966088637e+01
4.780000000000000360e-01 7.599999999966088637e+01
4.779999999999998139e-01 7.399999999952812857e+01
4.799999999999998712e-01 7.399999999952812857e+01
4.799999999999998712e-01 8.599999999932282435e+01
4.819999999999998730e-01 8.599999999932282435e+01
4.819999999999998730e-01 7.799999999936095207e+01
4.839999999999999303e-01 7.799999999936095207e+01
4.839999999999999303e-01 7.999999999979748111e+01
4.859999999999999876e-01 7.999999999979748111e+01
4.859999999999999876e-01 7.099999999952021312e+01
4.880000000000000449e-01 7.099999999952021312e+01
4.879999999999998228e-01 6.799999999961366370e+01
4.899999999999998801e-01 6.799999999961366370e+01
4.899999999999998801e-01 7.399999999939292650e+01
4.919999999999999374e-01 7.399999999939292650e+01
4.919999999999999374e-01 6.099999999982836130e+01
4.939999999999999947e-01 6.099999999982836130e+01
4.939999999999999947e-01 6.299999999958693309e+01
4.959999999999999964e-01 6.299999999958693309e+01
4.959999999999998299e-01 7.199999999945399054e+01
4.979999999999998317e-01 7.199999999945399054e+01
4.979999999999998317e-01 6.099999999954840746e+01
4.999999999999998890e-01 6.099999999954840746e+01
4.999999999999998890e-01 6.099999999956691710e+01
5.020000000000000018e-01 6.099999999956691710e+01
5.020000000000000018e-01 6.799999999934084371e+01
5.040000000000000036e-01 6.799999999934084371e+01
5.040000000000000036e-01 5.399999999938341944e+01
5.060000000000000053e-01 5.399999999938341944e+01
5.059999999999997833e-01 6.299999999959027264e+01
5.079999999999998961e-01 6.299999999959027264e+01
5.079999999999998961e-01 5.299999999971419840e+01
5.099999999999998979e-01 5.299999999971419840e+01
5.099999999999998979e-01 4.899999999964035879e+01
5.120000000000000107e-01 4.899999999964035879e+01
5.120000000000000107e-01 5.099999999981615417e+01
5.140000000000000124e-01 5.099999999981615417e+01
5.139999999999997904e-01 4.399999999939682027e+01
5.159999999999999032e-01 4.399999999939682027e+01
5.159999999999999032e-01 4.499999999977168130e+01
5.179999999999999050e-01 4.499999999977168130e+01
5.179999999999999050e-01 3.999999999944515139e+01
5.199999999999999067e-01 3.999999999944515139e+01
5.199999999999999067e-01 4.499999999943943862e+01
5.220000000000000195e-01 4.499999999943943862e+01
5.220000000000000195e-01 3.699999999969401898e+01
5.240000000000000213e-01 3.699999999969401898e+01
5.239999999999997993e-01 3.599999999960547825e+01
5.259999999999999121e-01 3.599999999960547825e+01
5.259999999999999121e-01 3.999999999970752640e+01
5.279999999999999138e-01 3.999999999970752640e+01
5.279999999999999138e-01 3.599999999944148499e+01
5.300000000000000266e-01 3.599999999944148499e+01
5.300000000000000266e-01 2.899999999974977527e+01
5.320000000000000284e-01 2.899999999974977527e+01
5.319999999999998064e-01 3.699999999951826624e+01
5.339999999999998082e-01 3.699999999951826624e+01
5.339999999999998082e-01 3.399999999941043427e+01
5.359999999999999210e-01 3.399999999941043427e+01
5.359999999999999210e-01 2.999999999969212539e+01
5.379999999999999227e-01 2.999999999969212539e+01
5.379999999999999227e-01 2.499999999979027265e+01
5.400000000000000355e-01 2.499999999979027265e+01
5.400000000000000355e-01 2.999999999936078510e+01
5.420000000000000373e-01 2.999999999936078510e+01
5.419999999999998153e-01 3.499999999925358196e+01
5.439999999999999281e-01 3.499999999925358196e+01
5.439999999999999281e-01 3.499999999980038012e+01
5.459999999999999298e-01 3.499999999980038012e+01
5.459999999999999298e-01 2.599999999975166531e+01
5.479999999999999316e-01 2.599999999975166531e+01
5.479999999999999316e-01 2.099999999976418508e+01
5.500000000000000444e-01 2.099999999976418508e+01
5.499999999999998224e-01 2.899999999973599785e+01
5.519999999999998241e-01 2.899999999973599785e+01
5.519999999999998241e-01 2.899999999953724839e+01
5.539999999999999369e-01 2.899999999953724839e+01
5.539999999999999369e-01 1.799999999977170617e+01
5.559999999999999387e-01 1.799999999977170617e+01
5.559999999999999387e-01 1.699999999999729283e+01
5.580000000000000515e-01 1.699999999999729283e+01
5.579999999999998295e-01 1.599999999976046716e+01
5.599999999999998312e-01 1.599999999976046716e+01
5.599999999999998312e-01 2.399999999955678831e+01
5.619999999999999440e-01 2.399999999955678831e+01
5.619999999999999440e-01 2.299999999982118482e+01
5.639999999999999458e-01 2.299999999982118482e+01
5.639999999999999458e-01 1.999999999995858602e+01
5.659999999999999476e-01 1.999999999995858602e+01
5.659999999999999476e-01 2.199999999962346209e+01
5.680000000000000604e-01 2.199999999962346209e+01
5.679999999999998384e-01 2.299999999970042452e+01
5.699999999999998401e-01 2.299999999970042452e+01
5.699999999999998401e-01 2.099999999982325605e+01
5.719999999999999529e-01 2.099999999982325605e+01
5.719999999999999529e-01 2.399999999955793584e+01
5.739999999999999547e-01 2.399999999955793584e+01
5.739999999999999547e-01 2.199999999952380492e+01
5.760000000000000675e-01 2.199999999952380492e+01
5.759999999999998455e-01 1.299999999999813483e+01
5.779999999999998472e-01 1.299999999999813483e+01
5.779999999999998472e-01 1.499999999970053821e+01
5.799999999999998490e-01 1.499999999970053821e+01
5.799999999999998490e-01 1.499999999998698641e+01
5.819999999999999618e-01 1.499999999998698641e+01
5.819999999999999618e-01 1.699999999962978237e+01
5.839999999999999636e-01 1.699999999962978237e+01
5.839999999999999636e-01 9.999999999998182787e+00
5.860000000000000764e-01 9.999999999998182787e+00
5.859999999999998543e-01 2.399999999964852648e+01
5.879999999999998561e-01 2.399999999964852648e+01
5.879999999999998561e-01 2.299999999960923347e+01
5.899999999999999689e-01 2.299999999960923347e+01
5.899999999999999689e-01 2.099999999990651034e+01
5.919999999999999707e-01 2.099999999990651034e+01
5.919999999999999707e-01 1.699999999989168487e+01
5.939999999999999725e-01 1.699999999989168487e+01
5.939999999999997504e-01 1.399999999977743492e+01
5.959999999999998632e-01 1.399999999977743492e+01
5.959999999999998632e-01 2.399999999962999908e+01
5.979999999999998650e-01 2.399999999962999908e+01
5.979999999999998650e-01 2.199999999984858690e+01
5.999999999999999778e-01 2.199999999984858690e+01
5.999999999999999778e-01 1.699999999969993425e+01
6.019999999999999796e-01 1.699999999969993425e+01
6.019999999999999796e-01 1.599999999980962073e+01
6.040000000000000924e-01 1.599999999980962073e+01
6.039999999999998703e-01 2.599999999998587796e+01
6.059999999999998721e-01 2.599999999998587796e+01
6.059999999999998721e-01 1.399999999991128696e+01
6.079999999999998739e-01 1.399999999991128696e+01
6.079999999999998739e-01 1.499999999993279509e+01
6.099999999999999867e-01 1.499999999993279509e+01
6.099999999999999867e-01 2.399999999976683185e+01
6.119999999999999885e-01 2.399999999976683185e+01
6.119999999999997664e-01 2.199999999984499865e+01
6.139999999999998792e-01 2.199999999984499865e+01
6.139999999999998792e-01 7.999999999704626497e+00
6.159999999999998810e-01 7.999999999704626497e+00
6.159999999999998810e-01 1.599999999999609024e+01
6.179999999999999938e-01 1.599999999999609024e+01
6.179999999999999938e-01 1.199999999999816325e+01
6.199999999999999956e-01 1.199999999999816325e+01
6.199999999999999956e-01 1.899999999994765787e+01
6.219999999999999973e-01 1.899999999994765787e+01
6.219999999999998863e-01 1.599999999999257660e+01
6.239999999999998881e-01 1.599999999999257660e+01
6.239999999999998881e-01 1.599999999999395506e+01
6.259999999999998899e-01 1.599999999999395506e+01
6.259999999999998899e-01 1.399999999989263877e+01
6.280000000000000027e-01 1.399999999989263877e+01
6.280000000000000027e-01 1.399999999982189713e+01
6.300000000000000044e-01 1.399999999982189713e+01
6.299999999999997824e-01 1.499999999999092992e+01
6.319999999999998952e-01 1.499999999999092992e+01
6.319999999999998952e-01 1.799999999956837726e+01
6.339999999999998970e-01 1.799999999956837726e+01
6.339999999999998970e-01 1.199999999995669064e+01
6.360000000000000098e-01 1.199999999995669064e+01
6.360000000000000098e-01 1.299999999998413358e+01
6.380000000000000115e-01 1.299999999998413358e+01
6.380000000000000115e-01 1.699999999971927522e+01
6.400000000000000133e-01 1.699999999971927522e+01
6.399999999999997913e-01 1.299999999990349941e+01
6.419999999999999041e-01 1.299999999990349941e+01
6.419999999999999041e-01 1.799999999999466738e+01
6.439999999999999059e-01 1.799999999999466738e+01
6.439999999999999059e-01 1.299999999993892352e+01
6.460000000000000187e-01 1.299999999993892352e+01
6.460000000000000187e-01 1.799999999986776800e+01
6.480000000000000204e-01 1.799999999986776800e+01
6.479999999999997984e-01 1.599999999998250644e+01
6.499999999999999112e-01 1.599999999998250644e+01
6.499999999999999112e-01 5.999999999992457589e+00
6.519999999999999130e-01 5.999999999992457589e+00
6.519999999999999130e-01 1.099999999998824052e+01
6.539999999999999147e-01 1.099999999998824052e+01
6.539999999999999147e-01 1.299999999999653433e+01
6.560000000000000275e-01 1.299999999999653433e+01
6.559999999999998055e-01 1.699999999979144860e+01
6.579999999999998073e-01 1.699999999979144860e+01
6.579999999999998073e-01 1.299999999999830180e+01
6.599999999999999201e-01 1.299999999999830180e+01
6.599999999999999201e-01 1.499999999983416821e+01
6.619999999999999218e-01 1.499999999983416821e+01
6.619999999999999218e-01 1.999999999983532106e+01
6.640000000000000346e-01 1.999999999983532106e+01
6.640000000000000346e-01 5.999999999999399591e+00
6.660000000000000364e-01 5.999999999999399591e+00
6.659999999999998144e-01 8.999999999998212985e+00
6.679999999999998161e-01 8.999999999998212985e+00
6.679999999999998161e-01 7.999999999989624300e+00
6.699999999999999289e-01 7.999999999989624300e+00
6.699999999999999289e-01 1.499999999991401189e+01
6.719999999999999307e-01 1.499999999991401189e+01
6.719999999999999307e-01 1.399999999999713651e+01
6.740000000000000435e-01 1.399999999999713651e+01
6.739999999999998215e-01 2.099999999999816680e+01
6.759999999999998233e-01 2.099999999999816680e+01
6.759999999999998233e-01 9.999999999991100452e+00
6.779999999999999361e-01 9.999999999991100452e+00
6.779999999999999361e-01 1.799999999999655387e+01
6.799999999999999378e-01 1.799999999999655387e+01
6.799999999999999378e-01 2.199999999999713651e+01
6.819999999999999396e-01 2.199999999999713651e+01
6.819999999999999396e-01 8.999999999998797406e+00
6.840000000000000524e-01 8.999999999998797406e+00
6.839999999999998304e-01 1.699999999993774225e+01
6.859999999999998321e-01 1.699999999993774225e+01
6.859999999999998321e-01 1.099999999998806643e+01
6.879999999999999449e-01 1.099999999998806643e+01
6.879999999999999449e-01 6.999999999987678301e+00
6.899999999999999467e-01 6.999999999987678301e+00
6.899999999999999467e-01 1.499999999997850786e+01
6.920000000000000595e-01 1.499999999997850786e+01
6.919999999999998375e-01 1.399999999999411671e+01
6.939999999999998392e-01 1.399999999999411671e+01
6.939999999999998392e-01 1.499999999999723599e+01
6.959999999999998410e-01 1.499999999999723599e+01
6.959999999999998410e-01 1.299999999987118215e+01
6.979999999999999538e-01 1.299999999987118215e+01
6.979999999999999538e-01 7.999999999997794653e+00
6.999999999999999556e-01 7.999999999997794653e+00
6.999999999999999556e-01 7.999999999975690557e+00
7.020000000000000684e-01 7.999999999975690557e+00
7.019999999999998463e-01 1.299999999986209609e+01
7.039999999999998481e-01 1.299999999986209609e+01
7.039999999999998481e-01 1.799999999999522160e+01
7.059999999999999609e-01 1.799999999999522160e+01
7.059999999999999609e-01 5.999999999999084288e+00
7.079999999999999627e-01 5.999999999999084288e+00
7.079999999999999627e-01 1.199999999998810551e+01
7.099999999999999645e-01 1.199999999998810551e+01
7.099999999999998535e-01 1.299999999999845279e+01
7.119999999999998552e-01 1.299999999999845279e+01
7.119999999999998552e-01 2.999999999987648103e+00
7.139999999999998570e-01 2.999999999987648103e+00
7.139999999999998570e-01 1.299999999999134381e+01
7.159999999999999698e-01 1.299999999999134381e+01
7.159999999999999698e-01 1.099999999991300648e+01
7.179999999999999716e-01 1.099999999991300648e+01
7.179999999999999716e-01 1.299999999999702283e+01
7.200000000000000844e-01 1.299999999999702283e+01
7.199999999999998623e-01 8.999999999978587795e+00
7.219999999999998641e-01 8.999999999978587795e+00
7.219999999999998641e-01 4.999999999998871125e+00
7.239999999999999769e-01 4.999999999998871125e+00
7.239999999999999769e-01 9.999999999989238830e+00
7.259999999999999787e-01 9.999999999989238830e+00
7.259999999999999787e-01 2.999999999999270806e+00
7.279999999999999805e-01 2.999999999999270806e+00
7.279999999999997584e-01 6.999999999999418243e+00
7.299999999999998712e-01 6.999999999999418243e+00
7.299999999999998712e-01 8.999999999999179323e+00
7.319999999999998730e-01 8.999999999999179323e+00
7.319999999999998730e-01 6.999999999998949285e+00
7.339999999999999858e-01 6.999999999998949285e+00
7.339999999999999858e-01 9.999999999997822187e+00
7.359999999999999876e-01 9.999999999997822187e+00
7.359999999999999876e-01 8.999999999986943777e+00
7.380000000000001004e-01 8.999999999986943777e+00
7.379999999999998783e-01 7.999999999995031530e+00
7.399999999999998801e-01 7.999999999995031530e+00
7.399999999999998801e-01 4.999999999996795452e+00
7.419999999999998819e-01 4.999999999996795452e+00
7.419999999999998819e-01 4.999999999995825561e+00
7.439999999999999947e-01 4.999999999995825561e+00
7.439999999999999947e-01 7.999999999995397459e+00
7.459999999999999964e-01 7.999999999995397459e+00
7.459999999999997744e-01 4.999999999998713918e+00
7.479999999999998872e-01 4.999999999998713918e+00
7.479999999999998872e-01 8.999999999997454481e+00
7.499999999999998890e-01 8.999999999997454481e+00
7.499999999999998890e-01 9.999999999990729194e+00
7.520000000000000018e-01 9.999999999990729194e+00
7.520000000000000018e-01 1.499999999997614175e+01
7.540000000000000036e-01 1.499999999997614175e+01
7.539999999999997815e-01 1.399999999999551825e+01
7.559999999999997833e-01 1.399999999999551825e+01
7.559999999999997833e-01 1.099999999999356071e+01
7.579999999999998961e-01 1.099999999999356071e+01
7.579999999999998961e-01 8.999999999875354817e+00
7.599999999999998979e-01 8.999999999875354817e+00
7.599999999999998979e-01 6.999999999989475974e+00
7.620000000000000107e-01 6.999999999989475974e+00
7.620000000000000107e-01 4.999999999998809841e+00
7.640000000000000124e-01 4.999999999998809841e+00
7.639999999999997904e-01 6.999999999998243183e+00
7.659999999999999032e-01 6.999999999998243183e+00
7.659999999999999032e-01 1.099999999997923794e+01
7.679999999999999050e-01 1.099999999997923794e+01
7.679999999999999050e-01 2.999999999907359438e+00
7.699999999999999067e-01 2.999999999907359438e+00
7.699999999999999067e-01 7.999999999999282352e+00
7.720000000000000195e-01 7.999999999999282352e+00
7.719999999999997975e-01 1.099999999998819966e+01
7.739999999999997993e-01 1.099999999998819966e+01
7.739999999999997993e-01 6.999999999999218403e+00
7.759999999999999121e-01 6.999999999999218403e+00
7.759999999999999121e-01 4.999999999999483968e+00
7.779999999999999138e-01 4.999999999999483968e+00
7.779999999999999138e-01 9.999999999994878763e+00
7.800000000000000266e-01 9.999999999994878763e+00
7.800000000000000266e-01 5.999999999996933120e+00
7.820000000000000284e-01 5.999999999996933120e+00
7.819999999999998064e-01 6.999999999995552002e+00
7.839999999999999192e-01 6.999999999995552002e+00
7.839999999999999192e-01 1.099999999996423306e+01
7.859999999999999210e-01 1.099999999996423306e+01
7.859999999999999210e-01 1.399999999996689404e+01
7.879999999999999227e-01 1.399999999996689404e+01
7.879999999999999227e-01 5.999999999999370282e+00
7.900000000000000355e-01 5.999999999999370282e+00
7.899999999999998135e-01 2.999999999999922728e+00
7.919999999999998153e-01 2.999999999999922728e+00
7.919999999999998153e-01 8.999999999994569677e+00
7.939999999999999281e-01 8.999999999994569677e+00
7.939999999999999281e-01 8.999999999998285816e+00
7.959999999999999298e-01 8.999999999998285816e+00
7.959999999999999298e-01 5.999999999999444888e+00
7.980000000000000426e-01 5.999999999999444888e+00
7.980000000000000426e-01 7.999999999998184563e+00
8.000000000000000444e-01 7.999999999998184563e+00
