-8.000000000000000444e-01 0.000000000000000000e+00
-7.980000000000000426e-01 0.000000000000000000e+00
-7.980000000000000426e-01 0.000000000000000000e+00
-7.959999999999999298e-01 0.000000000000000000e+00
-7.960000000000000409e-01 0.000000000000000000e+00
-7.940000000000000391e-01 0.000000000000000000e+00
-7.940000000000000391e-01 0.000000000000000000e+00
-7.919999999999999263e-01 0.000000000000000000e+00
-7.920000000000000373e-01 0.000000000000000000e+00
-7.900000000000000355e-01 0.000000000000000000e+00
-7.900000000000000355e-01 0.000000000000000000e+00
-7.879999999999999227e-01 0.000000000000000000e+00
-7.880000000000000338e-01 0.000000000000000000e+00
-7.860000000000000320e-01 0.000000000000000000e+00
-7.860000000000000320e-01 0.000000000000000000e+00
-7.840000000000000302e-01 0.000000000000000000e+00
-7.840000000000000302e-01 0.000000000000000000e+00
-7.820000000000000284e-01 0.000000000000000000e+00
-7.820000000000000284e-01 0.000000000000000000e+00
-7.800000000000000266e-01 0.000000000000000000e+00
-7.800000000000001377e-01 0.000000000000000000e+00
-7.780000000000000249e-01 0.000000000000000000e+00
-7.780000000000000249e-01 0.000000000000000000e+00
-7.760000000000000231e-01 0.000000000000000000e+00
-7.760000000000000231e-01 0.000000000000000000e+00
-7.739999999999999103e-01 0.000000000000000000e+00
-7.740000000000000213e-01 0.000000000000000000e+00
-7.720000000000000195e-01 0.000000000000000000e+00
-7.720000000000000195e-01 0.000000000000000000e+00
-7.699999999999999067e-01 0.000000000000000000e+00
-7.700000000000000178e-01 0.000000000000000000e+00
-7.680000000000000160e-01 0.000000000000000000e+00
-7.680000000000000160e-01 0.000000000000000000e+00
-7.660000000000000142e-01 0.000000000000000000e+00
-7.660000000000001252e-01 0.000000000000000000e+00
-7.640000000000000124e-01 0.000000000000000000e+00
-7.640000000000000124e-01 0.000000000000000000e+00
-7.620000000000000107e-01 0.000000000000000000e+00
-7.620000000000001217e-01 0.000000000000000000e+00
-7.600000000000000089e-01 0.000000000000000000e+00
-7.600000000000000089e-01 0.000000000000000000e+00
-7.580000000000000071e-01 0.000000000000000000e+00
-7.580000000000000071e-01 0.000000000000000000e+00
-7.559999999999998943e-01 0.000000000000000000e+00
-7.560000000000000053e-01 0.000000000000000000e+00
-7.540000000000000036e-01 0.000000000000000000e+00
-7.540000000000000036e-01 0.000000000000000000e+00
-7.520000000000000018e-01 0.000000000000000000e+00
-7.520000000000001128e-01 0.000000000000000000e+00
-7.500000000000000000e-01 0.000000000000000000e+00
-7.500000000000000000e-01 0.000000000000000000e+00
-7.479999999999999982e-01 0.000000000000000000e+00
-7.480000000000001092e-01 0.000000000000000000e+00
-7.459999999999999964e-01 0.000000000000000000e+00
-7.459999999999999964e-01 0.000000000000000000e+00
-7.439999999999999947e-01 0.000000000000000000e+00
-7.440000000000001057e-01 0.000000000000000000e+00
-7.419999999999999929e-01 0.000000000000000000e+00
-7.419999999999999929e-01 0.000000000000000000e+00
-7.399999999999999911e-01 0.000000000000000000e+00
-7.399999999999999911e-01 0.000000000000000000e+00
-7.379999999999999893e-01 0.000000000000000000e+00
-7.380000000000001004e-01 0.000000000000000000e+00
-7.359999999999999876e-01 0.000000000000000000e+00
-7.359999999999999876e-01 0.000000000000000000e+00
-7.339999999999999858e-01 0.000000000000000000e+00
-7.340000000000000968e-01 0.000000000000000000e+00
-7.319999999999999840e-01 0.000000000000000000e+00
-7.319999999999999840e-01 0.000000000000000000e+00
-7.299999999999999822e-01 0.000000000000000000e+00
-7.300000000000000933e-01 0.000000000000000000e+00
-7.279999999999999805e-01 0.000000000000000000e+00
-7.279999999999999805e-01 0.000000000000000000e+00
-7.259999999999999787e-01 0.000000000000000000e+00
-7.260000000000000897e-01 0.000000000000000000e+00
-7.240000000000000879e-01 0.000000000000000000e+00
-7.240000000000000879e-01 0.000000000000000000e+00
-7.219999999999999751e-01 0.000000000000000000e+00
-7.219999999999999751e-01 0.000000000000000000e+00
-7.199999999999999734e-01 0.000000000000000000e+00
-7.200000000000000844e-01 0.000000000000000000e+00
-7.179999999999999716e-01 0.000000000000000000e+00
-7.179999999999999716e-01 0.000000000000000000e+00
-7.159999999999999698e-01 0.000000000000000000e+00
-7.160000000000000808e-01 0.000000000000000000e+00
-7.139999999999999680e-01 0.000000000000000000e+00
-7.139999999999999680e-01 0.000000000000000000e+00
-7.119999999999999662e-01 0.000000000000000000e+00
-7.120000000000000773e-01 0.000000000000000000e+00
-7.099999999999999645e-01 0.000000000000000000e+00
-7.099999999999999645e-01 0.000000000000000000e+00
-7.079999999999999627e-01 0.000000000000000000e+00
-7.080000000000000737e-01 0.000000000000000000e+00
-7.060000000000000719e-01 0.000000000000000000e+00
-7.060000000000000719e-01 0.000000000000000000e+00
-7.039999999999999591e-01 0.000000000000000000e+00
-7.039999999999999591e-01 0.000000000000000000e+00
-7.019999999999999574e-01 0.000000000000000000e+00
-7.020000000000000684e-01 0.000000000000000000e+00
-6.999999999999999556e-01 0.000000000000000000e+00
-7.000000000000000666e-01 0.000000000000000000e+00
-6.980000000000000648e-01 0.000000000000000000e+00
-6.980000000000000648e-01 0.000000000000000000e+00
-6.959999999999999520e-01 0.000000000000000000e+00
-6.959999999999999520e-01 0.000000000000000000e+00
-6.939999999999999503e-01 0.000000000000000000e+00
-6.940000000000000613e-01 0.000000000000000000e+00
-6.920000000000000595e-01 0.000000000000000000e+00
-6.920000000000000595e-01 0.000000000000000000e+00
-6.899999999999999467e-01 0.000000000000000000e+00
-6.900000000000000577e-01 0.000000000000000000e+00
-6.880000000000000560e-01 0.000000000000000000e+00
-6.880000000000000560e-01 0.000000000000000000e+00
-6.859999999999999432e-01 0.000000000000000000e+00
-6.860000000000000542e-01 0.000000000000000000e+00
-6.840000000000000524e-01 0.000000000000000000e+00
-6.840000000000000524e-01 0.000000000000000000e+00
-6.819999999999999396e-01 0.000000000000000000e+00
-6.820000000000000506e-01 0.000000000000000000e+00
-6.800000000000000488e-01 0.000000000000000000e+00
-6.800000000000000488e-01 0.000000000000000000e+00
-6.780000000000000471e-01 0.000000000000000000e+00
-6.780000000000000471e-01 0.000000000000000000e+00
-6.759999999999999343e-01 0.000000000000000000e+00
-6.760000000000000453e-01 0.000000000000000000e+00
-6.740000000000000435e-01 0.000000000000000000e+00
-6.740000000000000435e-01 0.000000000000000000e+00
-6.719999999999999307e-01 0.000000000000000000e+00
-6.720000000000000417e-01 0.000000000000000000e+00
-6.700000000000000400e-01 0.000000000000000000e+00
-6.700000000000000400e-01 0.000000000000000000e+00
-6.679999999999999272e-01 0.000000000000000000e+00
-6.680000000000000382e-01 0.000000000000000000e+00
-6.660000000000000364e-01 0.000000000000000000e+00
-6.660000000000000364e-01 0.000000000000000000e+00
-6.640000000000000346e-01 0.000000000000000000e+00
-6.640000000000001457e-01 0.000000000000000000e+00
-6.620000000000000329e-01 0.000000000000000000e+00
-6.620000000000000329e-01 0.000000000000000000e+00
-6.600000000000000311e-01 0.000000000000000000e+00
-6.600000000000000311e-01 0.000000000000000000e+00
-6.579999999999999183e-01 0.000000000000000000e+00
-6.580000000000000293e-01 0.000000000000000000e+00
-6.560000000000000275e-01 0.000000000000000000e+00
-6.560000000000000275e-01 0.000000000000000000e+00
-6.539999999999999147e-01 0.000000000000000000e+00
-6.540000000000000258e-01 0.000000000000000000e+00
-6.520000000000000240e-01 0.000000000000000000e+00
-6.520000000000000240e-01 5.999999999996632027e+00
-6.500000000000000222e-01 5.999999999996632027e+00
-6.500000000000001332e-01 2.199999999998894040e+01
-6.480000000000000204e-01 2.199999999998894040e+01
-6.480000000000000204e-01 3.299999999998586730e+01
-6.460000000000000187e-01 3.299999999998586730e+01
-6.460000000000001297e-01 4.599999999998248512e+01
-6.440000000000000169e-01 4.599999999998248512e+01
-6.440000000000000169e-01 7.199999999997525890e+01
-6.420000000000000151e-01 7.199999999997525890e+01
-6.420000000000000151e-01 1.049999999999697451e+02
-6.399999999999999023e-01 1.049999999999697451e+02
-6.400000000000000133e-01 1.389999999999666045e+02
-6.380000000000000115e-01 1.389999999999666045e+02
-6.380000000000001226e-01 1.789999999999579359e+02
-6.360000000000000098e-01 1.789999999999579359e+02
-6.360000000000000098e-01 2.059999999999641886e+02
-6.340000000000000080e-01 2.059999999999641886e+02
-6.340000000000000080e-01 2.389999999999627676e+02
-6.320000000000000062e-01 2.389999999999627676e+02
-6.320000000000001172e-01 2.789999999999656666e+02
-6.300000000000000044e-01 2.789999999999656666e+02
-6.300000000000000044e-01 3.379999999999584475e+02
-6.280000000000000027e-01 3.379999999999584475e+02
-6.280000000000001137e-01 3.959999999999577085e+02
-6.260000000000000009e-01 3.959999999999577085e+02
-6.260000000000000009e-01 4.419999999999454303e+02
-6.239999999999999991e-01 4.419999999999454303e+02
-6.239999999999999991e-01 4.659999999999465672e+02
-6.219999999999998863e-01 4.659999999999465672e+02
-6.219999999999999973e-01 4.809999999999424176e+02
-6.199999999999999956e-01 4.809999999999424176e+02
-6.200000000000001066e-01 5.129999999999253077e+02
-6.180000000000001048e-01 5.129999999999253077e+02
-6.180000000000001048e-01 4.909999999999246825e+02
-6.159999999999999920e-01 4.909999999999246825e+02
-6.159999999999999920e-01 4.899999999999229772e+02
-6.139999999999999902e-01 4.899999999999229772e+02
-6.140000000000001013e-01 5.619999999999115516e+02
-6.119999999999999885e-01 5.619999999999115516e+02
-6.119999999999999885e-01 5.359999999999149622e+02
-6.099999999999999867e-01 5.359999999999149622e+02
-6.100000000000000977e-01 5.379999999999093916e+02
-6.079999999999999849e-01 5.379999999999093916e+02
-6.079999999999999849e-01 4.859999999999196802e+02
-6.059999999999999831e-01 4.859999999999196802e+02
-6.059999999999999831e-01 5.429999999999096190e+02
-6.039999999999999813e-01 5.429999999999096190e+02
-6.040000000000000924e-01 5.559999999998979092e+02
-6.019999999999999796e-01 5.559999999998979092e+02
-6.020000000000000906e-01 5.359999999999114380e+02
-6.000000000000000888e-01 5.359999999999114380e+02
-6.000000000000000888e-01 5.249999999998968860e+02
-5.979999999999999760e-01 5.249999999998968860e+02
-5.979999999999999760e-01 5.379999999998896101e+02
-5.959999999999999742e-01 5.379999999998896101e+02
-5.960000000000000853e-01 5.649999999998835847e+02
-5.939999999999999725e-01 5.649999999998835847e+02
-5.939999999999999725e-01 5.219999999998798330e+02
-5.919999999999999707e-01 5.219999999998798330e+02
-5.920000000000000817e-01 5.469999999998636895e+02
-5.900000000000000799e-01 5.469999999998636895e+02
-5.900000000000000799e-01 5.189999999998635758e+02
-5.879999999999999671e-01 5.189999999998635758e+02
-5.879999999999999671e-01 5.349999999998748308e+02
-5.859999999999999654e-01 5.349999999998748308e+02
-5.860000000000000764e-01 5.699999999998651674e+02
-5.839999999999999636e-01 5.699999999998651674e+02
-5.840000000000000746e-01 5.529999999998815383e+02
-5.820000000000000728e-01 5.529999999998815383e+02
-5.820000000000000728e-01 5.849999999998144631e+02
-5.799999999999999600e-01 5.849999999998144631e+02
-5.799999999999999600e-01 5.559999999998747171e+02
-5.779999999999999583e-01 5.559999999998747171e+02
-5.780000000000000693e-01 5.549999999998312887e+02
-5.760000000000000675e-01 5.549999999998312887e+02
-5.760000000000000675e-01 5.719999999998474323e+02
-5.739999999999999547e-01 5.719999999998474323e+02
-5.740000000000000657e-01 5.749999999998713065e+02
-5.720000000000000639e-01 5.749999999998713065e+02
-5.720000000000000639e-01 5.789999999998375415e+02
-5.699999999999999512e-01 5.789999999998375415e+02
-5.700000000000000622e-01 5.869999999997883151e+02
-5.680000000000000604e-01 5.869999999997883151e+02
-5.680000000000000604e-01 5.739999999998252633e+02
-5.659999999999999476e-01 5.739999999998252633e+02
-5.660000000000000586e-01 6.179999999997979785e+02
-5.640000000000000568e-01 6.179999999997979785e+02
-5.640000000000000568e-01 5.859999999997713758e+02
-5.620000000000000551e-01 5.859999999997713758e+02
-5.620000000000000551e-01 5.759999999997731948e+02
-5.599999999999999423e-01 5.759999999997731948e+02
-5.600000000000000533e-01 6.049999999997872919e+02
-5.580000000000000515e-01 6.049999999997872919e+02
-5.580000000000000515e-01 5.509999999997406803e+02
-5.559999999999999387e-01 5.509999999997406803e+02
-5.560000000000000497e-01 6.339999999997696705e+02
-5.540000000000000480e-01 6.339999999997696705e+02
-5.540000000000000480e-01 6.099999999997480700e+02
-5.519999999999999352e-01 6.099999999997480700e+02
-5.519999999999999352e-01 6.079999999997709210e+02
-5.499999999999999334e-01 6.079999999997709210e+02
-5.500000000000000444e-01 6.249999999997659188e+02
-5.479999999999999316e-01 6.249999999997659188e+02
-5.480000000000000426e-01 5.939999999997585292e+02
-5.460000000000000409e-01 5.939999999997585292e+02
-5.460000000000000409e-01 5.589999999997298801e+02
-5.440000000000000391e-01 5.589999999997298801e+02
-5.440000000000000391e-01 5.949999999997090754e+02
-5.419999999999999263e-01 5.949999999997090754e+02
-5.420000000000000373e-01 6.339999999997130544e+02
-5.400000000000000355e-01 6.339999999997130544e+02
-5.400000000000001465e-01 6.279999999997579607e+02
-5.380000000000000338e-01 6.279999999997579607e+02
-5.380000000000000338e-01 6.389999999996240376e+02
-5.360000000000000320e-01 6.389999999996240376e+02
-5.360000000000000320e-01 6.049999999996750830e+02
-5.339999999999999192e-01 6.049999999996750830e+02
-5.339999999999999192e-01 6.239999999996317683e+02
-5.319999999999999174e-01 6.239999999996317683e+02
-5.320000000000000284e-01 5.779999999996173301e+02
-5.300000000000000266e-01 5.779999999996173301e+02
-5.300000000000001377e-01 6.159999999996059614e+02
-5.280000000000000249e-01 6.159999999996059614e+02
-5.280000000000000249e-01 6.719999999995884536e+02
-5.260000000000000231e-01 6.719999999995884536e+02
-5.260000000000000231e-01 5.879999999997000941e+02
-5.239999999999999103e-01 5.879999999997000941e+02
-5.240000000000000213e-01 6.279999999996377937e+02
-5.220000000000000195e-01 6.279999999996377937e+02
-5.220000000000001306e-01 5.699999999996610995e+02
-5.200000000000000178e-01 5.699999999996610995e+02
-5.200000000000000178e-01 6.259999999996646238e+02
-5.180000000000000160e-01 6.259999999996646238e+02
-5.180000000000000160e-01 6.279999999995377493e+02
-5.160000000000000142e-01 6.279999999995377493e+02
-5.160000000000001252e-01 5.809999999995490043e+02
-5.140000000000000124e-01 5.809999999995490043e+02
-5.140000000000000124e-01 6.089999999996521183e+02
-5.120000000000000107e-01 6.089999999996521183e+02
-5.120000000000001217e-01 6.269999999996116458e+02
-5.100000000000000089e-01 6.269999999996116458e+02
-5.100000000000000089e-01 5.899999999996063025e+02
-5.080000000000000071e-01 5.899999999996063025e+02
-5.080000000000000071e-01 6.139999999994271320e+02
-5.059999999999998943e-01 6.139999999994271320e+02
-5.060000000000000053e-01 6.119999999996166480e+02
-5.040000000000000036e-01 6.119999999996166480e+02
-5.040000000000001146e-01 6.359999999994691962e+02
-5.020000000000001128e-01 6.359999999994691962e+02
-5.020000000000001128e-01 6.709999999995394546e+02
-5.000000000000000000e-01 6.709999999995394546e+02
-5.000000000000000000e-01 5.789999999996717861e+02
-4.979999999999999427e-01 5.789999999996717861e+02
-4.980000000000000537e-01 6.589999999996083488e+02
-4.959999999999999964e-01 6.589999999996083488e+02
-4.960000000000001075e-01 6.409999999996148290e+02
-4.940000000000001057e-01 6.409999999996148290e+02
-4.940000000000001057e-01 6.039999999995865210e+02
-4.920000000000000484e-01 6.039999999995865210e+02
-4.920000000000000484e-01 6.839999999994786322e+02
-4.899999999999999911e-01 6.839999999994786322e+02
-4.899999999999999911e-01 6.249999999996623501e+02
-4.879999999999999338e-01 6.249999999996623501e+02
-4.880000000000000449e-01 6.499999999993717665e+02
-4.859999999999999876e-01 6.499999999993717665e+02
-4.860000000000000431e-01 6.439999999996271072e+02
-4.839999999999999858e-01 6.439999999996271072e+02
-4.840000000000000413e-01 6.639999999995809503e+02
-4.819999999999999840e-01 6.639999999995809503e+02
-4.820000000000000395e-01 5.909999999996254019e+02
-4.800000000000000377e-01 5.909999999996254019e+02
-4.800000000000000933e-01 6.449999999996032329e+02
-4.780000000000000360e-01 6.449999999996032329e+02
-4.780000000000000915e-01 5.949999999996107363e+02
-4.760000000000000342e-01 5.949999999996107363e+02
-4.760000000000000897e-01 6.139999999996371116e+02
-4.740000000000000324e-01 6.139999999996371116e+02
-4.740000000000000324e-01 6.449999999995841335e+02
-4.719999999999999751e-01 6.449999999995841335e+02
-4.720000000000000306e-01 6.319999999995434337e+02
-4.699999999999999734e-01 6.319999999995434337e+02
-4.700000000000000289e-01 6.279999999996670113e+02
-4.679999999999999716e-01 6.279999999996670113e+02
-4.680000000000000271e-01 6.119999999995945927e+02
-4.659999999999999698e-01 6.119999999995945927e+02
-4.660000000000000253e-01 6.229999999994183781e+02
-4.640000000000000235e-01 6.229999999994183781e+02
-4.640000000000000790e-01 6.219999999996641691e+02
-4.620000000000000218e-01 6.219999999996641691e+02
-4.620000000000000773e-01 6.569999999994755626e+02
-4.600000000000000200e-01 6.569999999994755626e+02
-4.600000000000000755e-01 6.519999999995239932e+02
-4.580000000000000182e-01 6.519999999995239932e+02
-4.580000000000000737e-01 6.399999999994364543e+02
-4.560000000000000164e-01 6.399999999994364543e+02
-4.560000000000000719e-01 6.599999999996523457e+02
-4.540000000000000147e-01 6.599999999996523457e+02
-4.540000000000000147e-01 6.279999999996633733e+02
-4.519999999999999574e-01 6.279999999996633733e+02
-4.520000000000000129e-01 6.449999999995449116e+02
-4.500000000000000111e-01 6.449999999995449116e+02
-4.500000000000000666e-01 6.279999999995325197e+02
-4.480000000000000093e-01 6.279999999995325197e+02
-4.480000000000000648e-01 6.759999999995561666e+02
-4.460000000000000075e-01 6.759999999995561666e+02
-4.460000000000000631e-01 6.429999999996285851e+02
-4.440000000000000058e-01 6.429999999996285851e+02
-4.440000000000000613e-01 6.479999999995566213e+02
-4.420000000000000040e-01 6.479999999995566213e+02
-4.420000000000000595e-01 6.419999999995714006e+02
-4.400000000000000022e-01 6.419999999995714006e+02
-4.400000000000000577e-01 7.079999999993475512e+02
-4.380000000000000004e-01 7.079999999993475512e+02
-4.380000000000000560e-01 6.799999999995808366e+02
-4.360000000000000542e-01 6.799999999995808366e+02
-4.360000000000000542e-01 6.999999999994964810e+02
-4.340000000000000524e-01 6.999999999994964810e+02
-4.340000000000000524e-01 6.699999999995931148e+02
-4.319999999999999951e-01 6.699999999995931148e+02
-4.320000000000000506e-01 6.999999999994715836e+02
-4.299999999999999933e-01 6.999999999994715836e+02
-4.300000000000000488e-01 6.269999999995186499e+02
-4.279999999999999916e-01 6.269999999995186499e+02
-4.280000000000000471e-01 6.419999999995185362e+02
-4.259999999999999898e-01 6.419999999995185362e+02
-4.260000000000000453e-01 6.869999999995545750e+02
-4.239999999999999880e-01 6.869999999995545750e+02
-4.240000000000000435e-01 6.949999999993816573e+02
-4.219999999999999862e-01 6.949999999993816573e+02
-4.220000000000000417e-01 7.029999999993707434e+02
-4.200000000000000400e-01 7.029999999993707434e+02
-4.200000000000000955e-01 6.599999999994703330e+02
-4.180000000000000382e-01 6.599999999994703330e+02
-4.180000000000000937e-01 6.609999999995478674e+02
-4.160000000000000364e-01 6.609999999995478674e+02
-4.160000000000000364e-01 6.499999999995109192e+02
-4.139999999999999791e-01 6.499999999995109192e+02
-4.140000000000000346e-01 6.269999999994890914e+02
-4.119999999999999774e-01 6.269999999994890914e+02
-4.120000000000000329e-01 6.639999999995089865e+02
-4.099999999999999756e-01 6.639999999995089865e+02
-4.100000000000000311e-01 6.679999999994888640e+02
-4.079999999999999738e-01 6.679999999994888640e+02
-4.080000000000000293e-01 6.729999999994206519e+02
-4.060000000000000275e-01 6.729999999994206519e+02
-4.060000000000000830e-01 6.829999999993352731e+02
-4.040000000000000258e-01 6.829999999993352731e+02
-4.040000000000000813e-01 7.079999999995700364e+02
-4.020000000000000240e-01 7.079999999995700364e+02
-4.020000000000000795e-01 6.349999999995258122e+02
-4.000000000000000222e-01 6.349999999995258122e+02
-4.000000000000000777e-01 6.059999999995908411e+02
-3.980000000000000204e-01 6.059999999995908411e+02
-3.980000000000000759e-01 7.069999999993783604e+02
-3.960000000000000187e-01 7.069999999993783604e+02
-3.960000000000000187e-01 6.559999999994905693e+02
-3.939999999999999614e-01 6.559999999994905693e+02
-3.940000000000000169e-01 6.889999999995304734e+02
-3.920000000000000151e-01 6.889999999995304734e+02
-3.920000000000000151e-01 6.659999999995521875e+02
-3.900000000000000133e-01 6.659999999995521875e+02
-3.900000000000000688e-01 7.169999999992577386e+02
-3.880000000000000115e-01 7.169999999992577386e+02
-3.880000000000000671e-01 7.049999999992882067e+02
-3.860000000000000098e-01 7.049999999992882067e+02
-3.860000000000000653e-01 7.269999999995034159e+02
-3.840000000000000080e-01 7.269999999995034159e+02
-3.840000000000000635e-01 6.849999999995320650e+02
-3.820000000000000062e-01 6.849999999995320650e+02
-3.820000000000000617e-01 6.489999999995242206e+02
-3.800000000000000044e-01 6.489999999995242206e+02
-3.800000000000000600e-01 6.619999999995361577e+02
-3.780000000000000027e-01 6.619999999995361577e+02
-3.780000000000000582e-01 6.569999999993889332e+02
-3.760000000000000564e-01 6.569999999993889332e+02
-3.760000000000000564e-01 6.879999999995744702e+02
-3.739999999999999991e-01 6.879999999995744702e+02
-3.740000000000000546e-01 6.199999999995477538e+02
-3.719999999999999973e-01 6.199999999995477538e+02
-3.720000000000000528e-01 6.419999999994217887e+02
-3.699999999999999956e-01 6.419999999994217887e+02
-3.700000000000000511e-01 6.759999999993914344e+02
-3.679999999999999938e-01 6.759999999993914344e+02
-3.680000000000000493e-01 7.079999999994138307e+02
-3.659999999999999920e-01 7.079999999994138307e+02
-3.660000000000000475e-01 6.429999999994300879e+02
-3.639999999999999902e-01 6.429999999994300879e+02
-3.640000000000000457e-01 7.089999999994920472e+02
-3.620000000000000440e-01 7.089999999994920472e+02
-3.620000000000000440e-01 7.079999999994921609e+02
-3.600000000000000422e-01 7.079999999994921609e+02
-3.600000000000000977e-01 7.219999999993648316e+02
-3.580000000000000404e-01 7.219999999993648316e+02
-3.580000000000000959e-01 6.569999999993224264e+02
-3.560000000000000386e-01 6.569999999993224264e+02
-3.560000000000000386e-01 7.069999999994596465e+02
-3.539999999999999813e-01 7.069999999994596465e+02
-3.540000000000000369e-01 7.109999999994510063e+02
-3.519999999999999796e-01 7.109999999994510063e+02
-3.520000000000000351e-01 7.349999999994649897e+02
-3.499999999999999778e-01 7.349999999994649897e+02
-3.500000000000000333e-01 6.359999999994661266e+02
-3.479999999999999760e-01 6.359999999994661266e+02
-3.480000000000000315e-01 7.229999999994173550e+02
-3.460000000000000298e-01 7.229999999994173550e+02
-3.460000000000000853e-01 7.049999999993924575e+02
-3.440000000000000280e-01 7.049999999993924575e+02
-3.440000000000000835e-01 6.969999999994352038e+02
-3.420000000000000262e-01 6.969999999994352038e+02
-3.420000000000000817e-01 6.959999999995114877e+02
-3.400000000000000244e-01 6.959999999995114877e+02
-3.400000000000000799e-01 6.959999999996126689e+02
-3.380000000000000226e-01 6.959999999996126689e+02
-3.380000000000000782e-01 6.859999999995114877e+02
-3.360000000000000209e-01 6.859999999995114877e+02
-3.360000000000000209e-01 7.219999999994843165e+02
-3.339999999999999636e-01 7.219999999994843165e+02
-3.340000000000000191e-01 7.489999999994288373e+02
-3.320000000000000173e-01 7.489999999994288373e+02
-3.320000000000000728e-01 6.949999999993692654e+02
-3.300000000000000155e-01 6.949999999993692654e+02
-3.300000000000000711e-01 6.709999999995537792e+02
-3.280000000000000138e-01 6.709999999995537792e+02
-3.280000000000000693e-01 7.459999999994851123e+02
-3.260000000000000120e-01 7.459999999994851123e+02
-3.260000000000000675e-01 6.919999999994762447e+02
-3.240000000000000102e-01 6.919999999994762447e+02
-3.240000000000000657e-01 7.039999999994280415e+02
-3.220000000000000084e-01 7.039999999994280415e+02
-3.220000000000000639e-01 7.149999999993810889e+02
-3.200000000000000067e-01 7.149999999993810889e+02
-3.200000000000000622e-01 6.839999999994307700e+02
-3.180000000000000049e-01 6.839999999994307700e+02
-3.180000000000000604e-01 7.589999999991985078e+02
-3.160000000000000586e-01 7.589999999991985078e+02
-3.160000000000000586e-01 7.509999999993926849e+02
-3.140000000000000013e-01 7.509999999993926849e+02
-3.140000000000000568e-01 7.179999999994670361e+02
-3.119999999999999996e-01 7.179999999994670361e+02
-3.120000000000000551e-01 6.989999999995291091e+02
-3.099999999999999978e-01 6.989999999995291091e+02
-3.100000000000000533e-01 7.169999999995228563e+02
-3.079999999999999960e-01 7.169999999995228563e+02
-3.080000000000001070e-01 7.159999999994674909e+02
-3.060000000000000497e-01 7.159999999994674909e+02
-3.060000000000000497e-01 7.479999999993755182e+02
-3.039999999999999925e-01 7.479999999993755182e+02
-3.039999999999999925e-01 6.939999999995606004e+02
-3.019999999999999907e-01 6.939999999995606004e+02
-3.020000000000001017e-01 7.409999999993750635e+02
-3.000000000000000444e-01 7.409999999993750635e+02
-3.000000000000000444e-01 7.139999999995752660e+02
-2.979999999999999871e-01 7.139999999995752660e+02
-2.980000000000000981e-01 7.479999999993988240e+02
-2.960000000000000409e-01 7.479999999993988240e+02
-2.960000000000000409e-01 7.279999999993766551e+02
-2.939999999999999836e-01 7.279999999993766551e+02
-2.940000000000000946e-01 6.739999999993631263e+02
-2.920000000000000373e-01 6.739999999993631263e+02
-2.920000000000000373e-01 7.489999999992754738e+02
-2.899999999999999800e-01 7.489999999992754738e+02
-2.900000000000000910e-01 7.459999999993829078e+02
-2.880000000000000338e-01 7.459999999993829078e+02
-2.880000000000000338e-01 7.309999999994357722e+02
-2.860000000000000320e-01 7.309999999994357722e+02
-2.860000000000000320e-01 7.429999999994194013e+02
-2.839999999999999747e-01 7.429999999994194013e+02
-2.840000000000000857e-01 7.679999999993964366e+02
-2.820000000000000284e-01 7.679999999993964366e+02
-2.820000000000000284e-01 6.779999999994250857e+02
-2.799999999999999711e-01 6.779999999994250857e+02
-2.800000000000000822e-01 6.919999999994045083e+02
-2.780000000000000249e-01 6.919999999994045083e+02
-2.780000000000000249e-01 7.889999999992079438e+02
-2.759999999999999676e-01 7.889999999992079438e+02
-2.760000000000000786e-01 7.409999999993866595e+02
-2.740000000000000213e-01 7.409999999993866595e+02
-2.740000000000000213e-01 8.159999999992428457e+02
-2.720000000000000195e-01 8.159999999992428457e+02
-2.720000000000001306e-01 7.229999999994051905e+02
-2.700000000000000733e-01 7.229999999994051905e+02
-2.700000000000000733e-01 7.569999999992451194e+02
-2.680000000000000160e-01 7.569999999992451194e+02
-2.680000000000000160e-01 7.259999999993559641e+02
-2.659999999999999587e-01 7.259999999993559641e+02
-2.660000000000000697e-01 7.769999999993098072e+02
-2.640000000000000124e-01 7.769999999993098072e+02
-2.640000000000000124e-01 7.549999999992179482e+02
-2.619999999999999551e-01 7.549999999992179482e+02
-2.620000000000000662e-01 7.269999999993517577e+02
-2.600000000000000089e-01 7.269999999993517577e+02
-2.600000000000000089e-01 7.509999999993858637e+02
-2.580000000000000071e-01 7.509999999993858637e+02
-2.580000000000001181e-01 7.799999999994236077e+02
-2.560000000000000608e-01 7.799999999994236077e+02
-2.560000000000000608e-01 7.879999999993023039e+02
-2.540000000000000036e-01 7.879999999993023039e+02
-2.540000000000001146e-01 7.669999999992853645e+02
-2.520000000000000573e-01 7.669999999992853645e+02
-2.520000000000000573e-01 7.649999999994461177e+02
-2.500000000000000000e-01 7.649999999994461177e+02
-2.500000000000001110e-01 7.809999999994292921e+02
-2.480000000000000537e-01 7.809999999994292921e+02
-2.480000000000000537e-01 7.859999999991523509e+02
-2.460000000000000242e-01 7.859999999991523509e+02
-2.460000000000000242e-01 8.359999999993348183e+02
-2.439999999999999669e-01 8.359999999993348183e+02
-2.440000000000000779e-01 7.569999999994548716e+02
-2.420000000000000207e-01 7.569999999994548716e+02
-2.420000000000000207e-01 7.439999999994988684e+02
-2.399999999999999911e-01 7.439999999994988684e+02
-2.400000000000000744e-01 7.429999999994911377e+02
-2.380000000000000449e-01 7.429999999994911377e+02
-2.380000000000000449e-01 8.009999999992298854e+02
-2.359999999999999876e-01 8.009999999992298854e+02
-2.360000000000000986e-01 6.919999999994172413e+02
-2.340000000000000413e-01 6.919999999994172413e+02
-2.340000000000000413e-01 7.179999999993311803e+02
-2.320000000000000118e-01 7.179999999993311803e+02
-2.320000000000001228e-01 7.449999999993906385e+02
-2.300000000000000655e-01 7.449999999993906385e+02
-2.300000000000000655e-01 7.829999999992933226e+02
-2.280000000000000082e-01 7.829999999992933226e+02
-2.280000000000000082e-01 7.479999999993353867e+02
-2.259999999999999509e-01 7.479999999993353867e+02
-2.260000000000000620e-01 7.729999999992155608e+02
-2.240000000000000324e-01 7.729999999992155608e+02
-2.240000000000000324e-01 8.129999999993048050e+02
-2.219999999999999751e-01 8.129999999993048050e+02
-2.220000000000000862e-01 7.409999999993591473e+02
-2.200000000000000289e-01 7.409999999993591473e+02
-2.200000000000000289e-01 7.979999999992240873e+02
-2.179999999999999993e-01 7.979999999992240873e+02
-2.180000000000000826e-01 8.069999999992959374e+02
-2.160000000000000531e-01 8.069999999992959374e+02
-2.160000000000000531e-01 8.029999999991902087e+02
-2.139999999999999958e-01 8.029999999991902087e+02
-2.140000000000001068e-01 7.999999999992674020e+02
-2.120000000000000495e-01 7.999999999992674020e+02
-2.120000000000000495e-01 7.709999999991925961e+02
-2.100000000000000200e-01 7.709999999991925961e+02
-2.100000000000001310e-01 7.479999999993606252e+02
-2.080000000000000737e-01 7.479999999993606252e+02
-2.080000000000000737e-01 7.829999999992649009e+02
-2.060000000000000164e-01 7.829999999992649009e+02
-2.060000000000000164e-01 7.689999999993842721e+02
-2.039999999999999591e-01 7.689999999993842721e+02
-2.040000000000000702e-01 7.939999999993422080e+02
-2.020000000000000406e-01 7.939999999993422080e+02
-2.020000000000000406e-01 7.869999999993616484e+02
-1.999999999999999833e-01 7.869999999993616484e+02
-2.000000000000000944e-01 8.239999999993466417e+02
-1.980000000000000371e-01 8.239999999993466417e+02
-1.980000000000000371e-01 7.719999999993467554e+02
-1.960000000000000075e-01 7.719999999993467554e+02
-1.960000000000000908e-01 7.939999999992688799e+02
-1.940000000000000613e-01 7.939999999992688799e+02
-1.940000000000000613e-01 7.959999999991903223e+02
-1.920000000000000040e-01 7.959999999991903223e+02
-1.920000000000001150e-01 7.759999999993317488e+02
-1.900000000000000577e-01 7.759999999993317488e+02
-1.900000000000000577e-01 7.129999999992362518e+02
-1.880000000000000282e-01 7.129999999992362518e+02
-1.880000000000000282e-01 8.069999999993524398e+02
-1.859999999999999709e-01 8.069999999993524398e+02
-1.860000000000000819e-01 8.009999999991781579e+02
-1.840000000000000246e-01 8.009999999991781579e+02
-1.840000000000000246e-01 8.039999999992517132e+02
-1.819999999999999674e-01 8.039999999992517132e+02
-1.820000000000000784e-01 7.879999999993669917e+02
-1.800000000000000488e-01 7.879999999993669917e+02
-1.800000000000000488e-01 8.099999999992635367e+02
-1.779999999999999916e-01 8.099999999992635367e+02
-1.780000000000001026e-01 8.149999999994000746e+02
-1.760000000000000453e-01 8.149999999994000746e+02
-1.760000000000000453e-01 7.959999999993235633e+02
-1.739999999999999880e-01 7.959999999993235633e+02
-1.740000000000000990e-01 7.859999999993227675e+02
-1.720000000000000695e-01 7.859999999993227675e+02
-1.720000000000000695e-01 7.879999999991414370e+02
-1.700000000000000122e-01 7.879999999991414370e+02
-1.700000000000001232e-01 7.959999999992481889e+02
-1.680000000000000659e-01 7.959999999992481889e+02
-1.680000000000000659e-01 7.869999999991882760e+02
-1.660000000000000364e-01 7.869999999991882760e+02
-1.660000000000000364e-01 8.059999999993202664e+02
-1.639999999999999791e-01 8.059999999993202664e+02
-1.640000000000000902e-01 7.969999999992177209e+02
-1.620000000000000329e-01 7.969999999992177209e+02
-1.620000000000000329e-01 8.129999999992428457e+02
-1.599999999999999756e-01 8.129999999992428457e+02
-1.600000000000000866e-01 8.079999999991150617e+02
-1.580000000000000571e-01 8.079999999991150617e+02
-1.580000000000000571e-01 7.809999999992238600e+02
-1.559999999999999998e-01 7.809999999992238600e+02
-1.560000000000001108e-01 7.539999999992916173e+02
-1.540000000000000535e-01 7.539999999992916173e+02
-1.540000000000000535e-01 8.129999999991116511e+02
-1.519999999999999962e-01 8.129999999991116511e+02
-1.520000000000001072e-01 7.679999999990874358e+02
-1.500000000000000777e-01 7.679999999990874358e+02
-1.500000000000000777e-01 7.929999999991756567e+02
-1.480000000000000204e-01 7.929999999991756567e+02
-1.480000000000000204e-01 8.019999999993234496e+02
-1.459999999999999631e-01 8.019999999993234496e+02
-1.460000000000000742e-01 8.439999999991846380e+02
-1.440000000000000169e-01 8.439999999991846380e+02
-1.440000000000000169e-01 7.669999999992147650e+02
-1.419999999999999873e-01 7.669999999992147650e+02
-1.420000000000000984e-01 8.119999999992268158e+02
-1.400000000000000411e-01 8.119999999992268158e+02
-1.400000000000000411e-01 8.159999999992613766e+02
-1.379999999999999838e-01 8.159999999992613766e+02
-1.380000000000000948e-01 8.739999999991927098e+02
-1.360000000000000653e-01 8.739999999991927098e+02
-1.360000000000000653e-01 8.159999999991858886e+02
-1.340000000000000080e-01 8.159999999991858886e+02
-1.340000000000001190e-01 8.159999999991044888e+02
-1.320000000000000617e-01 8.159999999991044888e+02
-1.320000000000000617e-01 9.489999999992321591e+02
-1.300000000000000044e-01 9.489999999992321591e+02
-1.300000000000000044e-01 8.599999999990600372e+02
-1.279999999999999749e-01 8.599999999990600372e+02
-1.280000000000000859e-01 8.139999999993781330e+02
-1.260000000000000286e-01 8.139999999993781330e+02
-1.260000000000000286e-01 8.769999999989563548e+02
-1.239999999999999714e-01 8.769999999989563548e+02
-1.240000000000000824e-01 8.139999999991289314e+02
-1.220000000000000390e-01 8.139999999991289314e+02
-1.220000000000000390e-01 8.119999999992876383e+02
-1.199999999999999956e-01 8.119999999992876383e+02
-1.200000000000000927e-01 8.479999999989519210e+02
-1.180000000000000493e-01 8.479999999989519210e+02
-1.180000000000000493e-01 8.809999999991836148e+02
-1.160000000000000059e-01 8.809999999991836148e+02
-1.160000000000001030e-01 8.129999999992301127e+02
-1.140000000000000596e-01 8.129999999992301127e+02
-1.140000000000000596e-01 8.599999999992043058e+02
-1.120000000000000162e-01 8.599999999992043058e+02
-1.120000000000001272e-01 8.559999999992634230e+02
-1.100000000000000699e-01 8.559999999992634230e+02
-1.100000000000000699e-01 7.899999999994433892e+02
-1.080000000000000265e-01 7.899999999994433892e+02
-1.080000000000000265e-01 9.049999999991085815e+02
-1.059999999999999692e-01 9.049999999991085815e+02
-1.060000000000000803e-01 8.759999999991820232e+02
-1.040000000000000369e-01 8.759999999991820232e+02
-1.040000000000000369e-01 8.389999999989855723e+02
-1.019999999999999796e-01 8.389999999989855723e+02
-1.020000000000000906e-01 8.479999999992548965e+02
-1.000000000000000472e-01 8.479999999992548965e+02
-1.000000000000000472e-01 8.139999999992498942e+02
-9.800000000000000377e-02 8.139999999992498942e+02
-9.800000000000010092e-02 8.139999999993980282e+02
-9.600000000000005751e-02 8.139999999993980282e+02
-9.600000000000005751e-02 8.489999999992306812e+02
-9.400000000000001410e-02 8.489999999992306812e+02
-9.400000000000011124e-02 8.399999999991761115e+02
-9.200000000000006783e-02 8.399999999991761115e+02
-9.200000000000006783e-02 8.429999999991574668e+02
-9.000000000000002442e-02 8.429999999991574668e+02
-9.000000000000002442e-02 8.309999999992253379e+02
-8.799999999999996714e-02 8.309999999992253379e+02
-8.800000000000007816e-02 8.689999999990674269e+02
-8.600000000000003475e-02 8.689999999990674269e+02
-8.600000000000003475e-02 8.879999999992143103e+02
-8.399999999999997746e-02 8.879999999992143103e+02
-8.400000000000008848e-02 8.939999999992913899e+02
-8.200000000000004508e-02 8.939999999992913899e+02
-8.200000000000004508e-02 8.459999999990722017e+02
-7.999999999999998779e-02 8.459999999990722017e+02
-8.000000000000009881e-02 8.269999999991307504e+02
-7.800000000000005540e-02 8.269999999991307504e+02
-7.800000000000005540e-02 9.049999999991105142e+02
-7.599999999999999811e-02 9.049999999991105142e+02
-7.600000000000010913e-02 8.589999999992140829e+02
-7.400000000000006573e-02 8.589999999992140829e+02
-7.400000000000006573e-02 8.489999999991564437e+02
-7.200000000000000844e-02 8.489999999991564437e+02
-7.200000000000011946e-02 8.859999999991164259e+02
-7.000000000000007605e-02 8.859999999991164259e+02
-7.000000000000007605e-02 8.929999999990765218e+02
-6.800000000000003264e-02 8.929999999990765218e+02
-6.800000000000003264e-02 8.599999999992488711e+02
-6.599999999999997535e-02 8.599999999992488711e+02
-6.600000000000008638e-02 9.119999999992206767e+02
-6.400000000000004297e-02 9.119999999992206767e+02
-6.400000000000004297e-02 8.439999999991333652e+02
-6.199999999999998568e-02 8.439999999991333652e+02
-6.200000000000009670e-02 9.009999999991273398e+02
-6.000000000000004635e-02 9.009999999991273398e+02
-6.000000000000004635e-02 8.949999999991540562e+02
-5.800000000000000294e-02 8.949999999991540562e+02
-5.800000000000010703e-02 9.169999999989784101e+02
-5.600000000000006362e-02 9.169999999989784101e+02
-5.600000000000006362e-02 8.509999999990319566e+02
-5.400000000000001327e-02 8.509999999990319566e+02
-5.400000000000011735e-02 8.689999999991974846e+02
-5.200000000000007394e-02 8.689999999991974846e+02
-5.200000000000007394e-02 8.389999999991500772e+02
-5.000000000000002359e-02 8.389999999991500772e+02
-5.000000000000002359e-02 9.029999999992471658e+02
-4.799999999999997324e-02 9.029999999992471658e+02
-4.800000000000008427e-02 8.739999999989987600e+02
-4.600000000000003392e-02 8.739999999989987600e+02
-4.600000000000003392e-02 8.999999999989609023e+02
-4.399999999999998357e-02 8.999999999989609023e+02
-4.400000000000009459e-02 8.779999999991380264e+02
-4.200000000000004424e-02 8.779999999991380264e+02
-4.200000000000004424e-02 8.839999999991326831e+02
-3.999999999999999389e-02 8.839999999991326831e+02
-4.000000000000010492e-02 8.869999999991426876e+02
-3.800000000000005457e-02 8.869999999991426876e+02
-3.800000000000005457e-02 8.699999999992381845e+02
-3.600000000000000422e-02 8.699999999992381845e+02
-3.600000000000011524e-02 8.999999999990382094e+02
-3.400000000000006489e-02 8.999999999990382094e+02
-3.400000000000006489e-02 8.839999999991279083e+02
-3.200000000000002148e-02 8.839999999991279083e+02
-3.200000000000002148e-02 9.229999999990064907e+02
-2.999999999999997113e-02 9.229999999990064907e+02
-3.000000000000007869e-02 9.399999999991892992e+02
-2.800000000000003181e-02 9.399999999991892992e+02
-2.800000000000003181e-02 9.349999999992170387e+02
-2.599999999999998146e-02 9.349999999992170387e+02
-2.600000000000008901e-02 8.899999999991276809e+02
-2.400000000000004213e-02 8.899999999991276809e+02
-2.400000000000004213e-02 9.379999999993004849e+02
-2.199999999999999178e-02 9.379999999993004849e+02
-2.200000000000010281e-02 9.049999999989522621e+02
-2.000000000000005246e-02 9.049999999989522621e+02
-2.000000000000005246e-02 9.639999999991779305e+02
-1.800000000000000211e-02 9.639999999991779305e+02
-1.800000000000011313e-02 9.479999999992344328e+02
-1.600000000000006278e-02 9.479999999992344328e+02
-1.600000000000006278e-02 9.149999999991680397e+02
-1.400000000000001590e-02 9.149999999991680397e+02
-1.400000000000012346e-02 9.649999999992216999e+02
-1.200000000000007484e-02 9.649999999992216999e+02
-1.200000000000007484e-02 8.639999999991109689e+02
-1.000000000000002623e-02 8.639999999991109689e+02
-1.000000000000002623e-02 9.409999999990989181e+02
-7.999999999999977615e-03 9.409999999990989181e+02
-8.000000000000086903e-03 9.069999999991848654e+02
-6.000000000000037421e-03 9.069999999991848654e+02
-6.000000000000037421e-03 9.349999999990434389e+02
-3.999999999999988808e-03 9.349999999990434389e+02
-4.000000000000097228e-03 9.229999999992276116e+02
-2.000000000000048614e-03 9.229999999992276116e+02
-2.000000000000048614e-03 9.349999999992935500e+02
0.000000000000000000e+00 9.349999999992935500e+02
-1.084202172485504434e-16 9.459999999990619699e+02
1.999999999999940194e-03 9.459999999990619699e+02
1.999999999999940194e-03 9.719999999991789537e+02
3.999999999999988808e-03 9.719999999991789537e+02
3.999999999999880387e-03 9.149999999991191544e+02
5.999999999999929001e-03 9.149999999991191544e+02
5.999999999999929001e-03 9.699999999989701109e+02
7.999999999999977615e-03 9.699999999989701109e+02
7.999999999999977615e-03 8.879999999991708819e+02
1.000000000000002623e-02 8.879999999991708819e+02
9.999999999999918676e-03 9.719999999991235882e+02
1.199999999999996556e-02 9.719999999991235882e+02
1.199999999999996556e-02 9.289999999993431175e+02
1.400000000000001590e-02 9.289999999993431175e+02
1.399999999999990662e-02 9.259999999989626076e+02
1.599999999999995523e-02 9.259999999989626076e+02
1.599999999999995523e-02 9.199999999990961896e+02
1.800000000000000211e-02 9.199999999990961896e+02
1.799999999999989456e-02 9.789999999990860715e+02
1.999999999999994491e-02 9.789999999990860715e+02
1.999999999999994491e-02 9.119999999990604920e+02
2.199999999999999178e-02 9.119999999990604920e+02
2.199999999999988423e-02 9.959999999989699973e+02
2.399999999999993111e-02 9.959999999989699973e+02
2.399999999999993111e-02 9.069999999991641744e+02
2.599999999999998146e-02 9.069999999991641744e+02
2.599999999999987391e-02 1.031999999999007059e+03
2.799999999999992079e-02 1.031999999999007059e+03
2.799999999999992079e-02 9.469999999990060360e+02
2.999999999999997113e-02 9.469999999990060360e+02
2.999999999999997113e-02 9.579999999993000301e+02
3.200000000000002148e-02 9.579999999993000301e+02
3.199999999999991046e-02 9.499999999989938715e+02
3.399999999999996081e-02 9.499999999989938715e+02
3.399999999999996081e-02 9.649999999992044195e+02
3.600000000000000422e-02 9.649999999992044195e+02
3.599999999999990014e-02 9.729999999990543529e+02
3.799999999999995048e-02 9.729999999990543529e+02
3.799999999999995048e-02 9.779999999993572146e+02
3.999999999999999389e-02 9.779999999993572146e+02
3.999999999999988981e-02 9.769999999989373691e+02
4.199999999999994016e-02 9.769999999989373691e+02
4.199999999999994016e-02 1.004999999999049351e+03
4.399999999999998357e-02 1.004999999999049351e+03
4.399999999999987949e-02 9.909999999991255208e+02
4.599999999999992290e-02 9.909999999991255208e+02
4.599999999999992290e-02 1.011999999998898375e+03
4.799999999999997324e-02 1.011999999998898375e+03
4.799999999999997324e-02 9.299999999991225650e+02
5.000000000000002359e-02 9.299999999991225650e+02
4.999999999999991257e-02 9.719999999990727702e+02
5.199999999999996292e-02 9.719999999990727702e+02
5.199999999999996292e-02 1.009999999999109036e+03
5.400000000000001327e-02 1.009999999999109036e+03
5.399999999999990224e-02 1.000999999999061743e+03
5.599999999999995259e-02 1.000999999999061743e+03
5.599999999999995259e-02 1.043999999998894737e+03
5.800000000000000294e-02 1.043999999998894737e+03
5.799999999999989192e-02 9.819999999990840251e+02
5.999999999999994227e-02 9.819999999990840251e+02
5.999999999999994227e-02 1.009999999999221131e+03
6.199999999999998568e-02 1.009999999999221131e+03
6.199999999999988159e-02 9.949999999992302264e+02
6.399999999999993194e-02 9.949999999992302264e+02
6.399999999999993194e-02 1.024999999999023885e+03
6.599999999999997535e-02 1.024999999999023885e+03
6.599999999999986433e-02 1.044999999998978865e+03
6.799999999999992162e-02 1.044999999998978865e+03
6.799999999999992162e-02 1.030999999999075271e+03
6.999999999999996503e-02 1.030999999999075271e+03
6.999999999999996503e-02 1.025999999999070042e+03
7.200000000000000844e-02 1.025999999999070042e+03
7.199999999999991129e-02 9.829999999992403446e+02
7.399999999999995470e-02 9.829999999992403446e+02
7.399999999999995470e-02 1.010999999998979320e+03
7.599999999999999811e-02 1.010999999998979320e+03
7.599999999999990097e-02 1.035999999999296733e+03
7.799999999999994438e-02 1.035999999999296733e+03
7.799999999999994438e-02 1.019999999999151441e+03
7.999999999999998779e-02 1.019999999999151441e+03
7.999999999999989064e-02 1.000999999999006718e+03
8.199999999999993405e-02 1.000999999999006718e+03
8.199999999999993405e-02 9.859999999988768877e+02
8.399999999999997746e-02 9.859999999988768877e+02
8.399999999999988032e-02 1.003999999999048327e+03
8.599999999999992373e-02 1.003999999999048327e+03
8.599999999999992373e-02 1.050999999998857675e+03
8.799999999999996714e-02 1.050999999998857675e+03
8.799999999999996714e-02 1.031999999998877229e+03
9.000000000000002442e-02 1.031999999998877229e+03
8.999999999999991340e-02 1.013999999999162810e+03
9.199999999999995681e-02 1.013999999999162810e+03
9.199999999999995681e-02 1.009999999999153829e+03
9.400000000000001410e-02 1.009999999999153829e+03
9.399999999999990308e-02 1.066999999999067086e+03
9.599999999999994649e-02 1.066999999999067086e+03
9.599999999999994649e-02 1.100999999999076636e+03
9.800000000000000377e-02 1.100999999999076636e+03
9.799999999999989275e-02 1.002999999999022748e+03
9.999999999999993616e-02 1.002999999999022748e+03
9.999999999999993616e-02 1.042999999999061856e+03
1.019999999999999796e-01 1.042999999999061856e+03
1.019999999999998824e-01 9.159999999991039203e+02
1.039999999999999258e-01 9.159999999991039203e+02
1.039999999999999258e-01 1.078999999998838348e+03
1.059999999999999692e-01 1.078999999998838348e+03
1.059999999999999692e-01 1.012999999998913154e+03
1.080000000000000265e-01 1.012999999998913154e+03
1.079999999999999155e-01 1.053999999999017064e+03
1.099999999999999589e-01 1.053999999999017064e+03
1.099999999999999589e-01 1.069999999998967724e+03
1.120000000000000162e-01 1.069999999998967724e+03
1.119999999999999052e-01 1.086999999999041847e+03
1.139999999999999486e-01 1.086999999999041847e+03
1.139999999999999486e-01 9.899999999990634478e+02
1.160000000000000059e-01 9.899999999990634478e+02
1.159999999999998949e-01 1.108999999999067541e+03
1.179999999999999383e-01 1.108999999999067541e+03
1.179999999999999383e-01 1.036999999998830617e+03
1.199999999999999956e-01 1.036999999998830617e+03
1.199999999999998845e-01 1.077999999998967269e+03
1.219999999999999279e-01 1.077999999998967269e+03
1.219999999999999279e-01 1.105999999998903377e+03
1.239999999999999714e-01 1.105999999998903377e+03
1.239999999999998742e-01 1.083999999998936573e+03
1.259999999999999176e-01 1.083999999998936573e+03
1.259999999999999176e-01 1.072999999998768089e+03
1.279999999999999749e-01 1.072999999998768089e+03
1.279999999999999749e-01 1.042999999999032070e+03
1.300000000000000044e-01 1.042999999999032070e+03
1.299999999999998934e-01 1.040999999998911790e+03
1.319999999999999507e-01 1.040999999998911790e+03
1.319999999999999507e-01 1.090999999998885869e+03
1.340000000000000080e-01 1.090999999998885869e+03
1.339999999999998970e-01 1.161999999998934300e+03
1.359999999999999543e-01 1.161999999998934300e+03
1.359999999999999543e-01 1.118999999998940439e+03
1.379999999999999838e-01 1.118999999998940439e+03
1.379999999999998728e-01 1.103999999998712610e+03
1.399999999999999301e-01 1.103999999998712610e+03
1.399999999999999301e-01 1.112999999998909288e+03
1.419999999999999873e-01 1.112999999998909288e+03
1.419999999999998763e-01 1.146999999998847898e+03
1.439999999999999336e-01 1.146999999998847898e+03
1.439999999999999336e-01 1.072999999998926114e+03
1.459999999999999631e-01 1.072999999998926114e+03
1.459999999999999631e-01 1.075999999998745807e+03
1.480000000000000204e-01 1.075999999998745807e+03
1.479999999999999094e-01 1.164999999998915882e+03
1.499999999999999667e-01 1.164999999998915882e+03
1.499999999999999667e-01 1.156999999999112561e+03
1.519999999999999962e-01 1.156999999999112561e+03
1.519999999999999130e-01 1.134999999998839712e+03
1.539999999999999425e-01 1.134999999998839712e+03
1.539999999999999425e-01 1.174999999998578232e+03
1.559999999999999998e-01 1.174999999998578232e+03
1.559999999999998888e-01 1.158999999998949079e+03
1.579999999999999460e-01 1.158999999998949079e+03
1.579999999999999460e-01 1.096999999998933845e+03
1.599999999999999756e-01 1.096999999998933845e+03
1.599999999999998646e-01 1.140999999999044576e+03
1.619999999999999218e-01 1.140999999999044576e+03
1.619999999999999218e-01 1.112999999998908152e+03
1.639999999999999791e-01 1.112999999998908152e+03
1.639999999999998681e-01 1.120999999999051170e+03
1.659999999999999254e-01 1.120999999999051170e+03
1.659999999999999254e-01 1.134999999999112106e+03
1.679999999999999549e-01 1.134999999999112106e+03
1.679999999999999549e-01 1.123999999999047304e+03
1.700000000000000122e-01 1.123999999999047304e+03
1.699999999999999012e-01 1.162999999998930889e+03
1.719999999999999585e-01 1.162999999998930889e+03
1.719999999999999585e-01 1.174999999998966587e+03
1.739999999999999880e-01 1.174999999998966587e+03
1.739999999999999047e-01 1.169999999998991598e+03
1.759999999999999343e-01 1.169999999998991598e+03
1.759999999999999343e-01 1.197999999998849262e+03
1.779999999999999916e-01 1.197999999998849262e+03
1.779999999999998805e-01 1.210999999998806970e+03
1.799999999999999378e-01 1.210999999998806970e+03
1.799999999999999378e-01 1.137999999998912472e+03
1.819999999999999674e-01 1.137999999998912472e+03
1.819999999999999674e-01 1.249999999998821977e+03
1.840000000000000246e-01 1.249999999998821977e+03
1.839999999999998026e-01 1.183999999998990461e+03
1.859999999999998599e-01 1.183999999998990461e+03
1.859999999999998599e-01 1.229999999998906560e+03
1.879999999999999172e-01 1.229999999998906560e+03
1.879999999999999172e-01 1.180999999999110969e+03
1.899999999999999467e-01 1.180999999999110969e+03
1.899999999999999467e-01 1.182999999999002512e+03
1.920000000000000040e-01 1.182999999999002512e+03
1.920000000000000040e-01 1.136999999998993871e+03
1.940000000000000613e-01 1.136999999998993871e+03
1.939999999999998392e-01 1.136999999999125748e+03
1.959999999999998965e-01 1.136999999999125748e+03
1.959999999999998965e-01 1.205999999999071861e+03
1.979999999999999261e-01 1.205999999999071861e+03
1.979999999999999261e-01 1.194999999999041393e+03
1.999999999999999833e-01 1.194999999999041393e+03
1.999999999999999833e-01 1.175999999999052534e+03
2.020000000000000406e-01 1.175999999999052534e+03
2.019999999999998186e-01 1.156999999999006832e+03
2.039999999999998759e-01 1.156999999999006832e+03
2.039999999999998759e-01 1.193999999999051397e+03
2.059999999999999054e-01 1.193999999999051397e+03
2.059999999999999054e-01 1.194999999999072088e+03
2.079999999999999627e-01 1.194999999999072088e+03
2.079999999999999627e-01 1.230999999999234888e+03
2.100000000000000200e-01 1.230999999999234888e+03
2.100000000000000200e-01 1.228999999999021384e+03
2.120000000000000495e-01 1.228999999999021384e+03
2.119999999999998275e-01 1.228999999999004103e+03
2.139999999999998848e-01 1.228999999999004103e+03
2.139999999999998848e-01 1.219999999998972498e+03
2.159999999999999420e-01 1.219999999998972498e+03
2.159999999999999420e-01 1.197999999998909516e+03
2.179999999999999993e-01 1.197999999998909516e+03
2.179999999999999993e-01 1.213999999999142346e+03
2.200000000000000289e-01 1.213999999999142346e+03
2.199999999999998068e-01 1.227999999999104830e+03
2.219999999999998641e-01 1.227999999999104830e+03
2.219999999999998641e-01 1.217999999999112333e+03
2.239999999999999214e-01 1.217999999999112333e+03
2.239999999999999214e-01 1.291999999999130523e+03
2.259999999999999509e-01 1.291999999999130523e+03
2.259999999999999509e-01 1.294999999999060947e+03
2.280000000000000082e-01 1.294999999999060947e+03
2.280000000000000082e-01 1.270999999999228294e+03
2.300000000000000655e-01 1.270999999999228294e+03
2.299999999999998435e-01 1.223999999999101192e+03
2.319999999999999007e-01 1.223999999999101192e+03
2.319999999999999007e-01 1.265999999999135298e+03
2.339999999999999303e-01 1.265999999999135298e+03
2.339999999999999303e-01 1.201999999999249894e+03
2.359999999999999876e-01 1.201999999999249894e+03
2.359999999999999876e-01 1.185999999999227612e+03
2.380000000000000449e-01 1.185999999999227612e+03
2.379999999999998228e-01 1.245999999998992962e+03
2.399999999999998801e-01 1.245999999998992962e+03
2.399999999999998801e-01 1.286999999999059128e+03
2.419999999999999096e-01 1.286999999999059128e+03
2.419999999999999096e-01 1.262999999999215106e+03
2.439999999999999669e-01 1.262999999999215106e+03
2.439999999999999669e-01 1.188999999999247166e+03
2.460000000000000242e-01 1.188999999999247166e+03
2.460000000000000242e-01 1.298999999999127567e+03
2.480000000000000537e-01 1.298999999999127567e+03
2.479999999999998594e-01 1.195999999999173042e+03
2.499999999999998890e-01 1.195999999999173042e+03
2.499999999999998890e-01 1.301999999998962267e+03
2.519999999999999463e-01 1.301999999998962267e+03
2.519999999999999463e-01 1.288999999999000920e+03
2.540000000000000036e-01 1.288999999999000920e+03
2.540000000000000036e-01 1.272999999998969543e+03
2.560000000000000608e-01 1.272999999998969543e+03
2.559999999999998388e-01 1.289999999999076636e+03
2.579999999999998961e-01 1.289999999999076636e+03
2.579999999999998961e-01 1.283999999998962721e+03
2.599999999999998979e-01 1.283999999998962721e+03
2.599999999999998979e-01 1.360999999999056854e+03
2.619999999999999551e-01 1.360999999999056854e+03
2.619999999999999551e-01 1.263999999999173042e+03
2.640000000000000124e-01 1.263999999999173042e+03
2.640000000000000124e-01 1.286999999999113925e+03
2.660000000000000697e-01 1.286999999999113925e+03
2.659999999999998477e-01 1.301999999999031843e+03
2.679999999999999050e-01 1.301999999999031843e+03
2.679999999999999050e-01 1.271999999999102783e+03
2.699999999999999623e-01 1.271999999999102783e+03
2.699999999999999623e-01 1.230999999999280362e+03
2.720000000000000195e-01 1.230999999999280362e+03
2.720000000000000195e-01 1.257999999999223292e+03
2.740000000000000213e-01 1.257999999999223292e+03
2.739999999999998548e-01 1.318999999998952489e+03
2.759999999999998566e-01 1.318999999998952489e+03
2.759999999999998566e-01 1.289999999999076408e+03
2.779999999999999138e-01 1.289999999999076408e+03
2.779999999999999138e-01 1.293999999999071633e+03
2.799999999999999711e-01 1.293999999999071633e+03
2.799999999999999711e-01 1.313999999999250349e+03
2.820000000000000284e-01 1.313999999999250349e+03
2.819999999999998064e-01 1.358999999999077772e+03
2.839999999999998637e-01 1.358999999999077772e+03
2.839999999999998637e-01 1.323999999999163492e+03
2.859999999999999210e-01 1.323999999999163492e+03
2.859999999999999210e-01 1.339999999999151896e+03
2.879999999999999782e-01 1.339999999999151896e+03
2.879999999999999782e-01 1.427999999999053671e+03
2.899999999999999800e-01 1.427999999999053671e+03
2.899999999999999800e-01 1.364999999999157581e+03
2.920000000000000373e-01 1.364999999999157581e+03
2.919999999999998153e-01 1.395999999999177135e+03
2.939999999999998725e-01 1.395999999999177135e+03
2.939999999999998725e-01 1.319999999999002284e+03
2.959999999999999298e-01 1.319999999999002284e+03
2.959999999999999298e-01 1.398999999999129841e+03
2.979999999999999871e-01 1.398999999999129841e+03
2.979999999999999871e-01 1.351999999999176453e+03
3.000000000000000444e-01 1.351999999999176453e+03
2.999999999999998224e-01 1.383999999999303327e+03
3.019999999999998797e-01 1.383999999999303327e+03
3.019999999999998797e-01 1.344999999999098691e+03
3.039999999999998814e-01 1.344999999999098691e+03
3.039999999999998814e-01 1.412999999999296733e+03
3.059999999999999387e-01 1.412999999999296733e+03
3.059999999999999387e-01 1.379999999999251941e+03
3.079999999999999960e-01 1.379999999999251941e+03
3.079999999999999960e-01 1.385999999999158035e+03
3.100000000000000533e-01 1.385999999999158035e+03
3.099999999999998312e-01 1.393999999999252850e+03
3.119999999999998885e-01 1.393999999999252850e+03
3.119999999999998885e-01 1.440999999999040028e+03
3.139999999999999458e-01 1.440999999999040028e+03
3.139999999999999458e-01 1.357999999999212378e+03
3.160000000000000031e-01 1.357999999999212378e+03
3.160000000000000031e-01 1.402999999999080046e+03
3.180000000000000049e-01 1.402999999999080046e+03
3.179999999999998384e-01 1.383999999999268994e+03
3.199999999999998401e-01 1.383999999999268994e+03
3.199999999999998401e-01 1.460999999999104148e+03
3.219999999999998974e-01 1.460999999999104148e+03
3.219999999999998974e-01 1.388999999999015927e+03
3.239999999999999547e-01 1.388999999999015927e+03
3.239999999999999547e-01 1.474999999999158035e+03
3.260000000000000120e-01 1.474999999999158035e+03
3.260000000000000120e-01 1.446999999999262172e+03
3.280000000000000693e-01 1.446999999999262172e+03
3.279999999999998472e-01 1.388999999999134616e+03
3.299999999999999045e-01 1.388999999999134616e+03
3.299999999999999045e-01 1.459999999999083229e+03
3.319999999999999618e-01 1.459999999999083229e+03
3.319999999999999618e-01 1.470999999999247848e+03
3.339999999999999636e-01 1.470999999999247848e+03
3.339999999999999636e-01 1.480999999999151669e+03
3.360000000000000209e-01 1.480999999999151669e+03
3.359999999999997988e-01 1.497999999999180318e+03
3.379999999999998561e-01 1.497999999999180318e+03
3.379999999999998561e-01 1.405999999999255351e+03
3.399999999999999134e-01 1.405999999999255351e+03
3.399999999999999134e-01 1.443999999999316060e+03
3.419999999999999707e-01 1.443999999999316060e+03
3.419999999999999707e-01 1.474999999999170768e+03
3.440000000000000280e-01 1.474999999999170768e+03
3.440000000000000280e-01 1.483999999999233069e+03
3.460000000000000853e-01 1.483999999999233069e+03
3.459999999999998632e-01 1.437999999999244210e+03
3.479999999999999205e-01 1.437999999999244210e+03
3.479999999999999205e-01 1.435999999999148031e+03
3.499999999999999223e-01 1.435999999999148031e+03
3.499999999999999223e-01 1.514999999999102101e+03
3.519999999999999796e-01 1.514999999999102101e+03
3.519999999999999796e-01 1.479999999999266720e+03
3.540000000000000369e-01 1.479999999999266720e+03
3.539999999999998148e-01 1.478999999999305601e+03
3.559999999999998721e-01 1.478999999999305601e+03
3.559999999999998721e-01 1.504999999999217607e+03
3.579999999999999294e-01 1.504999999999217607e+03
3.579999999999999294e-01 1.416999999999372676e+03
3.599999999999999867e-01 1.416999999999372676e+03
3.599999999999999867e-01 1.513999999999385864e+03
3.620000000000000440e-01 1.513999999999385864e+03
3.620000000000000440e-01 1.532999999999384045e+03
3.640000000000000457e-01 1.532999999999384045e+03
3.639999999999998237e-01 1.415999999999346301e+03
3.659999999999998810e-01 1.415999999999346301e+03
3.659999999999998810e-01 1.467999999999474539e+03
3.679999999999999383e-01 1.467999999999474539e+03
3.679999999999999383e-01 1.385999999999431111e+03
3.699999999999999956e-01 1.385999999999431111e+03
3.699999999999999956e-01 1.439999999999304464e+03
3.720000000000000528e-01 1.439999999999304464e+03
3.719999999999998308e-01 1.350999999999395641e+03
3.739999999999998881e-01 1.350999999999395641e+03
3.739999999999998881e-01 1.270999999999263082e+03
3.759999999999999454e-01 1.270999999999263082e+03
3.759999999999999454e-01 1.239999999999307420e+03
3.779999999999999472e-01 1.239999999999307420e+03
3.779999999999999472e-01 1.049999999999374722e+03
3.800000000000000044e-01 1.049999999999374722e+03
3.799999999999997824e-01 9.009999999994251993e+02
3.819999999999998397e-01 9.009999999994251993e+02
3.819999999999998397e-01 7.919999999994437303e+02
3.839999999999998970e-01 7.919999999994437303e+02
3.839999999999998970e-01 6.009999999995428652e+02
3.859999999999999543e-01 6.009999999995428652e+02
3.859999999999999543e-01 5.129999999991482582e+02
3.880000000000000115e-01 5.129999999991482582e+02
3.880000000000000115e-01 3.889999999994934115e+02
3.900000000000000688e-01 3.889999999994934115e+02
3.899999999999998468e-01 2.719999999993661959e+02
3.919999999999999041e-01 2.719999999993661959e+02
3.919999999999999041e-01 1.969999999994722089e+02
3.939999999999999059e-01 1.969999999994722089e+02
3.939999999999999059e-01 1.229999999996398259e+02
3.959999999999999631e-01 1.229999999996398259e+02
3.959999999999999631e-01 8.799999999963179675e+01
3.980000000000000204e-01 8.799999999963179675e+01
3.979999999999997984e-01 8.399999999939873874e+01
3.999999999999998557e-01 8.399999999939873874e+01
3.999999999999998557e-01 6.299999999948470020e+01
4.019999999999999130e-01 6.299999999948470020e+01
4.019999999999999130e-01 7.899999999939322493e+01
4.039999999999999702e-01 7.899999999939322493e+01
4.039999999999999702e-01 5.199999999964494890e+01
4.060000000000000275e-01 5.199999999964494890e+01
4.060000000000000275e-01 7.099999999946143703e+01
4.080000000000000293e-01 7.099999999946143703e+01
4.079999999999998073e-01 6.899999999945431739e+01
4.099999999999998646e-01 6.899999999945431739e+01
4.099999999999998646e-01 5.999999999953301000e+01
4.119999999999999218e-01 5.999999999953301000e+01
4.119999999999999218e-01 4.699999999955875296e+01
4.139999999999999791e-01 4.699999999955875296e+01
4.139999999999999791e-01 3.799999999958013319e+01
4.160000000000000364e-01 3.799999999958013319e+01
4.159999999999998144e-01 2.899999999966208364e+01
4.179999999999998717e-01 2.899999999966208364e+01
4.179999999999998717e-01 3.299999999960553509e+01
4.199999999999999289e-01 3.299999999960553509e+01
4.199999999999999289e-01 2.899999999964730080e+01
4.219999999999999307e-01 2.899999999964730080e+01
4.219999999999999307e-01 3.199999999947657159e+01
4.239999999999999880e-01 3.199999999947657159e+01
4.239999999999999880e-01 2.299999999960700592e+01
4.260000000000000453e-01 2.299999999960700592e+01
4.259999999999998233e-01 3.399999999949628204e+01
4.279999999999998805e-01 3.399999999949628204e+01
4.279999999999998805e-01 2.899999999958232877e+01
4.299999999999999378e-01 2.899999999958232877e+01
4.299999999999999378e-01 2.499999999963189978e+01
4.319999999999999951e-01 2.499999999963189978e+01
4.319999999999999951e-01 2.199999999966787456e+01
4.340000000000000524e-01 2.199999999966787456e+01
4.339999999999998304e-01 1.599999999970618525e+01
4.359999999999998876e-01 1.599999999970618525e+01
4.359999999999998876e-01 2.199999999959511499e+01
4.379999999999998894e-01 2.199999999959511499e+01
4.379999999999998894e-01 2.999999999945897144e+01
4.399999999999999467e-01 2.999999999945897144e+01
4.399999999999999467e-01 2.099999999956362373e+01
4.420000000000000040e-01 2.099999999956362373e+01
4.420000000000000040e-01 8.999999999826405528e+00
4.440000000000000613e-01 8.999999999826405528e+00
4.439999999999998392e-01 1.599999999969858955e+01
4.459999999999998965e-01 1.599999999969858955e+01
4.459999999999998965e-01 8.999999999803783624e+00
4.479999999999999538e-01 8.999999999803783624e+00
4.479999999999999538e-01 1.399999999969674747e+01
4.500000000000000111e-01 1.399999999969674747e+01
4.500000000000000111e-01 7.999999999814665586e+00
4.520000000000000129e-01 7.999999999814665586e+00
4.519999999999998463e-01 8.999999999809629614e+00
4.539999999999998481e-01 8.999999999809629614e+00
4.539999999999998481e-01 7.999999999819490171e+00
4.559999999999999054e-01 7.999999999819490171e+00
4.559999999999999054e-01 1.099999999976709475e+01
4.579999999999999627e-01 1.099999999976709475e+01
4.579999999999999627e-01 1.599999999963187136e+01
4.600000000000000200e-01 1.599999999963187136e+01
4.599999999999997979e-01 6.999999999826667541e+00
4.619999999999998552e-01 6.999999999826667541e+00
4.619999999999998552e-01 3.999999999909577664e+00
4.639999999999999125e-01 3.999999999909577664e+00
4.639999999999999125e-01 1.999999999952838170e+00
4.659999999999999698e-01 1.999999999952838170e+00
4.659999999999999698e-01 3.999999999898712133e+00
4.679999999999999716e-01 3.999999999898712133e+00
4.679999999999999716e-01 4.999999999864622957e+00
4.700000000000000289e-01 4.999999999864622957e+00
4.699999999999998068e-01 4.999999999860635036e+00
4.719999999999998641e-01 4.999999999860635036e+00
4.719999999999998641e-01 4.999999999862228428e+00
4.739999999999999214e-01 4.999999999862228428e+00
4.739999999999999214e-01 3.999999999893243618e+00
4.759999999999999787e-01 3.999999999893243618e+00
4.759999999999999787e-01 0.000000000000000000e+00
4.780000000000000360e-01 0.000000000000000000e+00
4.779999999999998139e-01 2.999999999915845983e+00
4.799999999999998712e-01 2.999999999915845983e+00
4.799999999999998712e-01 3.999999999883997681e+00
4.819999999999998730e-01 3.999999999883997681e+00
4.819999999999998730e-01 0.000000000000000000e+00
4.839999999999999303e-01 0.000000000000000000e+00
4.839999999999999303e-01 2.999999999912149384e+00
4.859999999999999876e-01 2.999999999912149384e+00
4.859999999999999876e-01 0.000000000000000000e+00
4.880000000000000449e-01 0.000000000000000000e+00
4.879999999999998228e-01 0.000000000000000000e+00
4.899999999999998801e-01 0.000000000000000000e+00
4.899999999999998801e-01 0.000000000000000000e+00
4.919999999999999374e-01 0.000000000000000000e+00
4.919999999999999374e-01 0.000000000000000000e+00
4.939999999999999947e-01 0.000000000000000000e+00
4.939999999999999947e-01 0.000000000000000000e+00
4.959999999999999964e-01 0.000000000000000000e+00
4.959999999999998299e-01 0.000000000000000000e+00
4.979999999999998317e-01 0.000000000000000000e+00
4.979999999999998317e-01 0.000000000000000000e+00
4.999999999999998890e-01 0.000000000000000000e+00
4.999999999999998890e-01 0.000000000000000000e+00
5.020000000000000018e-01 0.000000000000000000e+00
5.020000000000000018e-01 0.000000000000000000e+00
5.040000000000000036e-01 0.000000000000000000e+00
5.040000000000000036e-01 0.000000000000000000e+00
5.060000000000000053e-01 0.000000000000000000e+00
5.059999999999997833e-01 0.000000000000000000e+00
5.079999999999998961e-01 0.000000000000000000e+00
5.079999999999998961e-01 0.000000000000000000e+00
5.099999999999998979e-01 0.000000000000000000e+00
5.099999999999998979e-01 0.000000000000000000e+00
5.120000000000000107e-01 0.000000000000000000e+00
5.120000000000000107e-01 0.000000000000000000e+00
5.140000000000000124e-01 0.000000000000000000e+00
5.139999999999997904e-01 0.000000000000000000e+00
5.159999999999999032e-01 0.000000000000000000e+00
5.159999999999999032e-01 0.000000000000000000e+00
5.179999999999999050e-01 0.000000000000000000e+00
5.179999999999999050e-01 0.000000000000000000e+00
5.199999999999999067e-01 0.000000000000000000e+00
5.199999999999999067e-01 0.000000000000000000e+00
5.220000000000000195e-01 0.000000000000000000e+00
5.220000000000000195e-01 0.000000000000000000e+00
5.240000000000000213e-01 0.000000000000000000e+00
5.239999999999997993e-01 0.000000000000000000e+00
5.259999999999999121e-01 0.000000000000000000e+00
5.259999999999999121e-01 0.000000000000000000e+00
5.279999999999999138e-01 0.000000000000000000e+00
5.279999999999999138e-01 0.000000000000000000e+00
5.300000000000000266e-01 0.000000000000000000e+00
5.300000000000000266e-01 0.000000000000000000e+00
5.320000000000000284e-01 0.000000000000000000e+00
5.319999999999998064e-01 0.000000000000000000e+00
5.339999999999998082e-01 0.000000000000000000e+00
5.339999999999998082e-01 0.000000000000000000e+00
5.359999999999999210e-01 0.000000000000000000e+00
5.359999999999999210e-01 0.000000000000000000e+00
5.379999999999999227e-01 0.000000000000000000e+00
5.379999999999999227e-01 0.000000000000000000e+00
5.400000000000000355e-01 0.000000000000000000e+00
5.400000000000000355e-01 0.000000000000000000e+00
5.420000000000000373e-01 0.000000000000000000e+00
5.419999999999998153e-01 0.000000000000000000e+00
5.439999999999999281e-01 0.000000000000000000e+00
5.439999999999999281e-01 0.000000000000000000e+00
5.459999999999999298e-01 0.000000000000000000e+00
5.459999999999999298e-01 0.000000000000000000e+00
5.479999999999999316e-01 0.000000000000000000e+00
5.479999999999999316e-01 0.000000000000000000e+00
5.500000000000000444e-01 0.000000000000000000e+00
5.499999999999998224e-01 0.000000000000000000e+00
5.519999999999998241e-01 0.000000000000000000e+00
5.519999999999998241e-01 0.000000000000000000e+00
5.539999999999999369e-01 0.000000000000000000e+00
5.539999999999999369e-01 0.000000000000000000e+00
5.559999999999999387e-01 0.000000000000000000e+00
5.559999999999999387e-01 0.000000000000000000e+00
5.580000000000000515e-01 0.000000000000000000e+00
5.579999999999998295e-01 0.000000000000000000e+00
5.599999999999998312e-01 0.000000000000000000e+00
5.599999999999998312e-01 0.000000000000000000e+00
5.619999999999999440e-01 0.000000000000000000e+00
5.619999999999999440e-01 0.000000000000000000e+00
5.639999999999999458e-01 0.000000000000000000e+00
5.639999999999999458e-01 0.000000000000000000e+00
5.659999999999999476e-01 0.000000000000000000e+00
5.659999999999999476e-01 0.000000000000000000e+00
5.680000000000000604e-01 0.000000000000000000e+00
5.679999999999998384e-01 0.000000000000000000e+00
5.699999999999998401e-01 0.000000000000000000e+00
5.699999999999998401e-01 0.000000000000000000e+00
5.719999999999999529e-01 0.000000000000000000e+00
5.719999999999999529e-01 0.000000000000000000e+00
5.739999999999999547e-01 0.000000000000000000e+00
5.739999999999999547e-01 0.000000000000000000e+00
5.760000000000000675e-01 0.000000000000000000e+00
5.759999999999998455e-01 0.000000000000000000e+00
5.779999999999998472e-01 0.000000000000000000e+00
5.779999999999998472e-01 0.000000000000000000e+00
5.799999999999998490e-01 0.000000000000000000e+00
5.799999999999998490e-01 0.000000000000000000e+00
5.819999999999999618e-01 0.000000000000000000e+00
5.819999999999999618e-01 0.000000000000000000e+00
5.839999999999999636e-01 0.000000000000000000e+00
5.839999999999999636e-01 0.000000000000000000e+00
5.860000000000000764e-01 0.000000000000000000e+00
5.859999999999998543e-01 0.000000000000000000e+00
5.879999999999998561e-01 0.000000000000000000e+00
5.879999999999998561e-01 0.000000000000000000e+00
5.899999999999999689e-01 0.000000000000000000e+00
5.899999999999999689e-01 0.000000000000000000e+00
5.919999999999999707e-01 0.000000000000000000e+00
5.919999999999999707e-01 0.000000000000000000e+00
5.939999999999999725e-01 0.000000000000000000e+00
5.939999999999997504e-01 0.000000000000000000e+00
5.959999999999998632e-01 0.000000000000000000e+00
5.959999999999998632e-01 0.000000000000000000e+00
5.979999999999998650e-01 0.000000000000000000e+00
5.979999999999998650e-01 0.000000000000000000e+00
5.999999999999999778e-01 0.000000000000000000e+00
5.999999999999999778e-01 0.000000000000000000e+00
6.019999999999999796e-01 0.000000000000000000e+00
6.019999999999999796e-01 0.000000000000000000e+00
6.040000000000000924e-01 0.000000000000000000e+00
6.039999999999998703e-01 0.000000000000000000e+00
6.059999999999998721e-01 0.000000000000000000e+00
6.059999999999998721e-01 0.000000000000000000e+00
6.079999999999998739e-01 0.000000000000000000e+00
6.079999999999998739e-01 0.000000000000000000e+00
6.099999999999999867e-01 0.000000000000000000e+00
6.099999999999999867e-01 0.000000000000000000e+00
6.119999999999999885e-01 0.000000000000000000e+00
6.119999999999997664e-01 0.000000000000000000e+00
6.139999999999998792e-01 0.000000000000000000e+00
6.139999999999998792e-01 0.000000000000000000e+00
6.159999999999998810e-01 0.000000000000000000e+00
6.159999999999998810e-01 0.000000000000000000e+00
6.179999999999999938e-01 0.000000000000000000e+00
6.179999999999999938e-01 0.000000000000000000e+00
6.199999999999999956e-01 0.000000000000000000e+00
6.199999999999999956e-01 0.000000000000000000e+00
6.219999999999999973e-01 0.000000000000000000e+00
6.219999999999998863e-01 0.000000000000000000e+00
6.239999999999998881e-01 0.000000000000000000e+00
6.239999999999998881e-01 0.000000000000000000e+00
6.259999999999998899e-01 0.000000000000000000e+00
6.259999999999998899e-01 0.000000000000000000e+00
6.280000000000000027e-01 0.000000000000000000e+00
6.280000000000000027e-01 0.000000000000000000e+00
6.300000000000000044e-01 0.000000000000000000e+00
6.299999999999997824e-01 0.000000000000000000e+00
6.319999999999998952e-01 0.000000000000000000e+00
6.319999999999998952e-01 0.000000000000000000e+00
6.339999999999998970e-01 0.000000000000000000e+00
6.339999999999998970e-01 0.000000000000000000e+00
6.360000000000000098e-01 0.000000000000000000e+00
6.360000000000000098e-01 0.000000000000000000e+00
6.380000000000000115e-01 0.000000000000000000e+00
6.380000000000000115e-01 0.000000000000000000e+00
6.400000000000000133e-01 0.000000000000000000e+00
6.399999999999997913e-01 0.000000000000000000e+00
6.419999999999999041e-01 0.000000000000000000e+00
6.419999999999999041e-01 0.000000000000000000e+00
6.439999999999999059e-01 0.000000000000000000e+00
6.439999999999999059e-01 0.000000000000000000e+00
6.460000000000000187e-01 0.000000000000000000e+00
6.460000000000000187e-01 0.000000000000000000e+00
6.480000000000000204e-01 0.000000000000000000e+00
6.479999999999997984e-01 0.000000000000000000e+00
6.499999999999999112e-01 0.000000000000000000e+00
6.499999999999999112e-01 0.000000000000000000e+00
6.519999999999999130e-01 0.000000000000000000e+00
6.519999999999999130e-01 0.000000000000000000e+00
6.539999999999999147e-01 0.000000000000000000e+00
6.539999999999999147e-01 0.000000000000000000e+00
6.560000000000000275e-01 0.000000000000000000e+00
6.559999999999998055e-01 0.000000000000000000e+00
6.579999999999998073e-01 0.000000000000000000e+00
6.579999999999998073e-01 0.000000000000000000e+00
6.599999999999999201e-01 0.000000000000000000e+00
6.599999999999999201e-01 0.000000000000000000e+00
6.619999999999999218e-01 0.000000000000000000e+00
6.619999999999999218e-01 0.000000000000000000e+00
6.640000000000000346e-01 0.000000000000000000e+00
6.640000000000000346e-01 0.000000000000000000e+00
6.660000000000000364e-01 0.000000000000000000e+00
6.659999999999998144e-01 0.000000000000000000e+00
6.679999999999998161e-01 0.000000000000000000e+00
6.679999999999998161e-01 0.000000000000000000e+00
6.699999999999999289e-01 0.000000000000000000e+00
6.699999999999999289e-01 0.000000000000000000e+00
6.719999999999999307e-01 0.000000000000000000e+00
6.719999999999999307e-01 0.000000000000000000e+00
6.740000000000000435e-01 0.000000000000000000e+00
6.739999999999998215e-01 0.000000000000000000e+00
6.759999999999998233e-01 0.000000000000000000e+00
6.759999999999998233e-01 0.000000000000000000e+00
6.779999999999999361e-01 0.000000000000000000e+00
6.779999999999999361e-01 0.000000000000000000e+00
6.799999999999999378e-01 0.000000000000000000e+00
6.799999999999999378e-01 0.000000000000000000e+00
6.819999999999999396e-01 0.000000000000000000e+00
6.819999999999999396e-01 0.000000000000000000e+00
6.840000000000000524e-01 0.000000000000000000e+00
6.839999999999998304e-01 0.000000000000000000e+00
6.859999999999998321e-01 0.000000000000000000e+00
6.859999999999998321e-01 0.000000000000000000e+00
6.879999999999999449e-01 0.000000000000000000e+00
6.879999999999999449e-01 0.000000000000000000e+00
6.899999999999999467e-01 0.000000000000000000e+00
6.899999999999999467e-01 0.000000000000000000e+00
6.920000000000000595e-01 0.000000000000000000e+00
6.919999999999998375e-01 0.000000000000000000e+00
6.939999999999998392e-01 0.000000000000000000e+00
6.939999999999998392e-01 0.000000000000000000e+00
6.959999999999998410e-01 0.000000000000000000e+00
6.959999999999998410e-01 0.000000000000000000e+00
6.979999999999999538e-01 0.000000000000000000e+00
6.979999999999999538e-01 0.000000000000000000e+00
6.999999999999999556e-01 0.000000000000000000e+00
6.999999999999999556e-01 0.000000000000000000e+00
7.020000000000000684e-01 0.000000000000000000e+00
7.019999999999998463e-01 0.000000000000000000e+00
7.039999999999998481e-01 0.000000000000000000e+00
7.039999999999998481e-01 0.000000000000000000e+00
7.059999999999999609e-01 0.000000000000000000e+00
7.059999999999999609e-01 0.000000000000000000e+00
7.079999999999999627e-01 0.000000000000000000e+00
7.079999999999999627e-01 0.000000000000000000e+00
7.099999999999999645e-01 0.000000000000000000e+00
7.099999999999998535e-01 0.000000000000000000e+00
7.119999999999998552e-01 0.000000000000000000e+00
7.119999999999998552e-01 0.000000000000000000e+00
7.139999999999998570e-01 0.000000000000000000e+00
7.139999999999998570e-01 0.000000000000000000e+00
7.159999999999999698e-01 0.000000000000000000e+00
7.159999999999999698e-01 0.000000000000000000e+00
7.179999999999999716e-01 0.000000000000000000e+00
7.179999999999999716e-01 0.000000000000000000e+00
7.200000000000000844e-01 0.000000000000000000e+00
7.199999999999998623e-01 0.000000000000000000e+00
7.219999999999998641e-01 0.000000000000000000e+00
7.219999999999998641e-01 0.000000000000000000e+00
7.239999999999999769e-01 0.000000000000000000e+00
7.239999999999999769e-01 0.000000000000000000e+00
7.259999999999999787e-01 0.000000000000000000e+00
7.259999999999999787e-01 0.000000000000000000e+00
7.279999999999999805e-01 0.000000000000000000e+00
7.279999999999997584e-01 0.000000000000000000e+00
7.299999999999998712e-01 0.000000000000000000e+00
7.299999999999998712e-01 0.000000000000000000e+00
7.319999999999998730e-01 0.000000000000000000e+00
7.319999999999998730e-01 0.000000000000000000e+00
7.339999999999999858e-01 0.000000000000000000e+00
7.339999999999999858e-01 0.000000000000000000e+00
7.359999999999999876e-01 0.000000000000000000e+00
7.359999999999999876e-01 0.000000000000000000e+00
7.380000000000001004e-01 0.000000000000000000e+00
7.379999999999998783e-01 0.000000000000000000e+00
7.399999999999998801e-01 0.000000000000000000e+00
7.399999999999998801e-01 0.000000000000000000e+00
7.419999999999998819e-01 0.000000000000000000e+00
7.419999999999998819e-01 0.000000000000000000e+00
7.439999999999999947e-01 0.000000000000000000e+00
7.439999999999999947e-01 0.000000000000000000e+00
7.459999999999999964e-01 0.000000000000000000e+00
7.459999999999997744e-01 0.000000000000000000e+00
7.479999999999998872e-01 0.000000000000000000e+00
7.479999999999998872e-01 0.000000000000000000e+00
7.499999999999998890e-01 0.000000000000000000e+00
7.499999999999998890e-01 0.000000000000000000e+00
7.520000000000000018e-01 0.000000000000000000e+00
7.520000000000000018e-01 0.000000000000000000e+00
7.540000000000000036e-01 0.000000000000000000e+00
7.539999999999997815e-01 0.000000000000000000e+00
7.559999999999997833e-01 0.000000000000000000e+00
7.559999999999997833e-01 0.000000000000000000e+00
7.579999999999998961e-01 0.000000000000000000e+00
7.579999999999998961e-01 0.000000000000000000e+00
7.599999999999998979e-01 0.000000000000000000e+00
7.599999999999998979e-01 0.000000000000000000e+00
7.620000000000000107e-01 0.000000000000000000e+00
7.620000000000000107e-01 0.000000000000000000e+00
7.640000000000000124e-01 0.000000000000000000e+00
7.639999999999997904e-01 0.000000000000000000e+00
7.659999999999999032e-01 0.000000000000000000e+00
7.659999999999999032e-01 0.000000000000000000e+00
7.679999999999999050e-01 0.000000000000000000e+00
7.679999999999999050e-01 0.000000000000000000e+00
7.699999999999999067e-01 0.000000000000000000e+00
7.699999999999999067e-01 0.000000000000000000e+00
7.720000000000000195e-01 0.000000000000000000e+00
7.719999999999997975e-01 0.000000000000000000e+00
7.739999999999997993e-01 0.000000000000000000e+00
7.739999999999997993e-01 0.000000000000000000e+00
7.759999999999999121e-01 0.000000000000000000e+00
7.759999999999999121e-01 0.000000000000000000e+00
7.779999999999999138e-01 0.000000000000000000e+00
7.779999999999999138e-01 0.000000000000000000e+00
7.800000000000000266e-01 0.000000000000000000e+00
7.800000000000000266e-01 0.000000000000000000e+00
7.820000000000000284e-01 0.000000000000000000e+00
7.819999999999998064e-01 0.000000000000000000e+00
7.839999999999999192e-01 0.000000000000000000e+00
7.839999999999999192e-01 0.000000000000000000e+00
7.859999999999999210e-01 0.000000000000000000e+00
7.859999999999999210e-01 0.000000000000000000e+00
7.879999999999999227e-01 0.000000000000000000e+00
7.879999999999999227e-01 0.000000000000000000e+00
7.900000000000000355e-01 0.000000000000000000e+00
7.899999999999998135e-01 0.000000000000000000e+00
7.919999999999998153e-01 0.000000000000000000e+00
7.919999999999998153e-01 0.000000000000000000e+00
7.939999999999999281e-01 0.000000000000000000e+00
7.939999999999999281e-01 0.000000000000000000e+00
7.959999999999999298e-01 0.000000000000000000e+00
7.959999999999999298e-01 0.000000000000000000e+00
7.980000000000000426e-01 0.000000000000000000e+00
7.980000000000000426e-01 0.000000000000000000e+00
8.000000000000000444e-01 0.000000000000000000e+00
