-8.000000000000000444e-01 0.000000000000000000e+00
-7.980000000000000426e-01 0.000000000000000000e+00
-7.980000000000000426e-01 0.000000000000000000e+00
-7.959999999999999298e-01 0.000000000000000000e+00
-7.960000000000000409e-01 0.000000000000000000e+00
-7.940000000000000391e-01 0.000000000000000000e+00
-7.940000000000000391e-01 0.000000000000000000e+00
-7.919999999999999263e-01 0.000000000000000000e+00
-7.920000000000000373e-01 0.000000000000000000e+00
-7.900000000000000355e-01 0.000000000000000000e+00
-7.900000000000000355e-01 0.000000000000000000e+00
-7.879999999999999227e-01 0.000000000000000000e+00
-7.880000000000000338e-01 0.000000000000000000e+00
-7.860000000000000320e-01 0.000000000000000000e+00
-7.860000000000000320e-01 0.000000000000000000e+00
-7.840000000000000302e-01 0.000000000000000000e+00
-7.840000000000000302e-01 0.000000000000000000e+00
-7.820000000000000284e-01 0.000000000000000000e+00
-7.820000000000000284e-01 0.000000000000000000e+00
-7.800000000000000266e-01 0.000000000000000000e+00
-7.800000000000001377e-01 0.000000000000000000e+00
-7.780000000000000249e-01 0.000000000000000000e+00
-7.780000000000000249e-01 0.000000000000000000e+00
-7.760000000000000231e-01 0.000000000000000000e+00
-7.760000000000000231e-01 0.000000000000000000e+00
-7.739999999999999103e-01 0.000000000000000000e+00
-7.740000000000000213e-01 0.000000000000000000e+00
-7.720000000000000195e-01 0.000000000000000000e+00
-7.720000000000000195e-01 0.000000000000000000e+00
-7.699999999999999067e-01 0.000000000000000000e+00
-7.700000000000000178e-01 0.000000000000000000e+00
-7.680000000000000160e-01 0.000000000000000000e+00
-7.680000000000000160e-01 0.000000000000000000e+00
-7.660000000000000142e-01 0.000000000000000000e+00
-7.660000000000001252e-01 0.000000000000000000e+00
-7.640000000000000124e-01 0.000000000000000000e+00
-7.640000000000000124e-01 0.000000000000000000e+00
-7.620000000000000107e-01 0.000000000000000000e+00
-7.620000000000001217e-01 0.000000000000000000e+00
-7.600000000000000089e-01 0.000000000000000000e+00
-7.600000000000000089e-01 0.000000000000000000e+00
-7.580000000000000071e-01 0.000000000000000000e+00
-7.580000000000000071e-01 0.000000000000000000e+00
-7.559999999999998943e-01 0.000000000000000000e+00
-7.560000000000000053e-01 0.000000000000000000e+00
-7.540000000000000036e-01 0.000000000000000000e+00
-7.540000000000000036e-01 0.000000000000000000e+00
-7.520000000000000018e-01 0.000000000000000000e+00
-7.520000000000001128e-01 0.000000000000000000e+00
-7.500000000000000000e-01 0.000000000000000000e+00
-7.500000000000000000e-01 0.000000000000000000e+00
-7.479999999999999982e-01 0.000000000000000000e+00
-7.480000000000001092e-01 0.000000000000000000e+00
-7.459999999999999964e-01 0.000000000000000000e+00
-7.459999999999999964e-01 0.000000000000000000e+00
-7.439999999999999947e-01 0.000000000000000000e+00
-7.440000000000001057e-01 0.000000000000000000e+00
-7.419999999999999929e-01 0.000000000000000000e+00
-7.419999999999999929e-01 0.000000000000000000e+00
-7.399999999999999911e-01 0.000000000000000000e+00
-7.399999999999999911e-01 0.000000000000000000e+00
-7.379999999999999893e-01 0.000000000000000000e+00
-7.380000000000001004e-01 0.000000000000000000e+00
-7.359999999999999876e-01 0.000000000000000000e+00
-7.359999999999999876e-01 0.000000000000000000e+00
-7.339999999999999858e-01 0.000000000000000000e+00
-7.340000000000000968e-01 0.000000000000000000e+00
-7.319999999999999840e-01 0.000000000000000000e+00
-7.319999999999999840e-01 0.000000000000000000e+00
-7.299999999999999822e-01 0.000000000000000000e+00
-7.300000000000000933e-01 0.000000000000000000e+00
-7.279999999999999805e-01 0.000000000000000000e+00
-7.279999999999999805e-01 0.000000000000000000e+00
-7.259999999999999787e-01 0.000000000000000000e+00
-7.260000000000000897e-01 0.000000000000000000e+00
-7.240000000000000879e-01 0.000000000000000000e+00
-7.240000000000000879e-01 0.000000000000000000e+00
-7.219999999999999751e-01 0.000000000000000000e+00
-7.219999999999999751e-01 0.000000000000000000e+00
-7.199999999999999734e-01 0.000000000000000000e+00
-7.200000000000000844e-01 0.000000000000000000e+00
-7.179999999999999716e-01 0.000000000000000000e+00
-7.179999999999999716e-01 0.000000000000000000e+00
-7.159999999999999698e-01 0.000000000000000000e+00
-7.160000000000000808e-01 0.000000000000000000e+00
-7.139999999999999680e-01 0.000000000000000000e+00
-7.139999999999999680e-01 0.000000000000000000e+00
-7.119999999999999662e-01 0.000000000000000000e+00
-7.120000000000000773e-01 0.000000000000000000e+00
-7.099999999999999645e-01 0.000000000000000000e+00
-7.099999999999999645e-01 0.000000000000000000e+00
-7.079999999999999627e-01 0.000000000000000000e+00
-7.080000000000000737e-01 0.000000000000000000e+00
-7.060000000000000719e-01 0.000000000000000000e+00
-7.060000000000000719e-01 0.000000000000000000e+00
-7.039999999999999591e-01 0.000000000000000000e+00
-7.039999999999999591e-01 0.000000000000000000e+00
-7.019999999999999574e-01 0.000000000000000000e+00
-7.020000000000000684e-01 0.000000000000000000e+00
-6.999999999999999556e-01 0.000000000000000000e+00
-7.000000000000000666e-01 0.000000000000000000e+00
-6.980000000000000648e-01 0.000000000000000000e+00
-6.980000000000000648e-01 0.000000000000000000e+00
-6.959999999999999520e-01 0.000000000000000000e+00
-6.959999999999999520e-01 0.000000000000000000e+00
-6.939999999999999503e-01 0.000000000000000000e+00
-6.940000000000000613e-01 0.000000000000000000e+00
-6.920000000000000595e-01 0.000000000000000000e+00
-6.920000000000000595e-01 0.000000000000000000e+00
-6.899999999999999467e-01 0.000000000000000000e+00
-6.900000000000000577e-01 0.000000000000000000e+00
-6.880000000000000560e-01 0.000000000000000000e+00
-6.880000000000000560e-01 0.000000000000000000e+00
-6.859999999999999432e-01 0.000000000000000000e+00
-6.860000000000000542e-01 0.000000000000000000e+00
-6.840000000000000524e-01 0.000000000000000000e+00
-6.840000000000000524e-01 0.000000000000000000e+00
-6.819999999999999396e-01 0.000000000000000000e+00
-6.820000000000000506e-01 0.000000000000000000e+00
-6.800000000000000488e-01 0.000000000000000000e+00
-6.800000000000000488e-01 0.000000000000000000e+00
-6.780000000000000471e-01 0.000000000000000000e+00
-6.780000000000000471e-01 0.000000000000000000e+00
-6.759999999999999343e-01 0.000000000000000000e+00
-6.760000000000000453e-01 0.000000000000000000e+00
-6.740000000000000435e-01 0.000000000000000000e+00
-6.740000000000000435e-01 0.000000000000000000e+00
-6.719999999999999307e-01 0.000000000000000000e+00
-6.720000000000000417e-01 0.000000000000000000e+00
-6.700000000000000400e-01 0.000000000000000000e+00
-6.700000000000000400e-01 0.000000000000000000e+00
-6.679999999999999272e-01 0.000000000000000000e+00
-6.680000000000000382e-01 0.000000000000000000e+00
-6.660000000000000364e-01 0.000000000000000000e+00
-6.660000000000000364e-01 0.000000000000000000e+00
-6.640000000000000346e-01 0.000000000000000000e+00
-6.640000000000001457e-01 0.000000000000000000e+00
-6.620000000000000329e-01 0.000000000000000000e+00
-6.620000000000000329e-01 0.000000000000000000e+00
-6.600000000000000311e-01 0.000000000000000000e+00
-6.600000000000000311e-01 0.000000000000000000e+00
-6.579999999999999183e-01 0.000000000000000000e+00
-6.580000000000000293e-01 0.000000000000000000e+00
-6.560000000000000275e-01 0.000000000000000000e+00
-6.560000000000000275e-01 0.000000000000000000e+00
-6.539999999999999147e-01 0.000000000000000000e+00
-6.540000000000000258e-01 0.000000000000000000e+00
-6.520000000000000240e-01 0.000000000000000000e+00
-6.520000000000000240e-01 0.000000000000000000e+00
-6.500000000000000222e-01 0.000000000000000000e+00
-6.500000000000001332e-01 0.000000000000000000e+00
-6.480000000000000204e-01 0.000000000000000000e+00
-6.480000000000000204e-01 0.000000000000000000e+00
-6.460000000000000187e-01 0.000000000000000000e+00
-6.460000000000001297e-01 0.000000000000000000e+00
-6.440000000000000169e-01 0.000000000000000000e+00
-6.440000000000000169e-01 0.000000000000000000e+00
-6.420000000000000151e-01 0.000000000000000000e+00
-6.420000000000000151e-01 0.000000000000000000e+00
-6.399999999999999023e-01 0.000000000000000000e+00
-6.400000000000000133e-01 0.000000000000000000e+00
-6.380000000000000115e-01 0.000000000000000000e+00
-6.380000000000001226e-01 0.000000000000000000e+00
-6.360000000000000098e-01 0.000000000000000000e+00
-6.360000000000000098e-01 0.000000000000000000e+00
-6.340000000000000080e-01 0.000000000000000000e+00
-6.340000000000000080e-01 0.000000000000000000e+00
-6.320000000000000062e-01 0.000000000000000000e+00
-6.320000000000001172e-01 0.000000000000000000e+00
-6.300000000000000044e-01 0.000000000000000000e+00
-6.300000000000000044e-01 0.000000000000000000e+00
-6.280000000000000027e-01 0.000000000000000000e+00
-6.280000000000001137e-01 0.000000000000000000e+00
-6.260000000000000009e-01 0.000000000000000000e+00
-6.260000000000000009e-01 0.000000000000000000e+00
-6.239999999999999991e-01 0.000000000000000000e+00
-6.239999999999999991e-01 0.000000000000000000e+00
-6.219999999999998863e-01 0.000000000000000000e+00
-6.219999999999999973e-01 0.000000000000000000e+00
-6.199999999999999956e-01 0.000000000000000000e+00
-6.200000000000001066e-01 0.000000000000000000e+00
-6.180000000000001048e-01 0.000000000000000000e+00
-6.180000000000001048e-01 0.000000000000000000e+00
-6.159999999999999920e-01 0.000000000000000000e+00
-6.159999999999999920e-01 0.000000000000000000e+00
-6.139999999999999902e-01 0.000000000000000000e+00
-6.140000000000001013e-01 0.000000000000000000e+00
-6.119999999999999885e-01 0.000000000000000000e+00
-6.119999999999999885e-01 0.000000000000000000e+00
-6.099999999999999867e-01 0.000000000000000000e+00
-6.100000000000000977e-01 0.000000000000000000e+00
-6.079999999999999849e-01 0.000000000000000000e+00
-6.079999999999999849e-01 0.000000000000000000e+00
-6.059999999999999831e-01 0.000000000000000000e+00
-6.059999999999999831e-01 0.000000000000000000e+00
-6.039999999999999813e-01 0.000000000000000000e+00
-6.040000000000000924e-01 0.000000000000000000e+00
-6.019999999999999796e-01 0.000000000000000000e+00
-6.020000000000000906e-01 0.000000000000000000e+00
-6.000000000000000888e-01 0.000000000000000000e+00
-6.000000000000000888e-01 0.000000000000000000e+00
-5.979999999999999760e-01 0.000000000000000000e+00
-5.979999999999999760e-01 0.000000000000000000e+00
-5.959999999999999742e-01 0.000000000000000000e+00
-5.960000000000000853e-01 0.000000000000000000e+00
-5.939999999999999725e-01 0.000000000000000000e+00
-5.939999999999999725e-01 0.000000000000000000e+00
-5.919999999999999707e-01 0.000000000000000000e+00
-5.920000000000000817e-01 0.000000000000000000e+00
-5.900000000000000799e-01 0.000000000000000000e+00
-5.900000000000000799e-01 0.000000000000000000e+00
-5.879999999999999671e-01 0.000000000000000000e+00
-5.879999999999999671e-01 0.000000000000000000e+00
-5.859999999999999654e-01 0.000000000000000000e+00
-5.860000000000000764e-01 0.000000000000000000e+00
-5.839999999999999636e-01 0.000000000000000000e+00
-5.840000000000000746e-01 0.000000000000000000e+00
-5.820000000000000728e-01 0.000000000000000000e+00
-5.820000000000000728e-01 0.000000000000000000e+00
-5.799999999999999600e-01 0.000000000000000000e+00
-5.799999999999999600e-01 0.000000000000000000e+00
-5.779999999999999583e-01 0.000000000000000000e+00
-5.780000000000000693e-01 0.000000000000000000e+00
-5.760000000000000675e-01 0.000000000000000000e+00
-5.760000000000000675e-01 0.000000000000000000e+00
-5.739999999999999547e-01 0.000000000000000000e+00
-5.740000000000000657e-01 0.000000000000000000e+00
-5.720000000000000639e-01 0.000000000000000000e+00
-5.720000000000000639e-01 0.000000000000000000e+00
-5.699999999999999512e-01 0.000000000000000000e+00
-5.700000000000000622e-01 0.000000000000000000e+00
-5.680000000000000604e-01 0.000000000000000000e+00
-5.680000000000000604e-01 0.000000000000000000e+00
-5.659999999999999476e-01 0.000000000000000000e+00
-5.660000000000000586e-01 0.000000000000000000e+00
-5.640000000000000568e-01 0.000000000000000000e+00
-5.640000000000000568e-01 0.000000000000000000e+00
-5.620000000000000551e-01 0.000000000000000000e+00
-5.620000000000000551e-01 0.000000000000000000e+00
-5.599999999999999423e-01 0.000000000000000000e+00
-5.600000000000000533e-01 0.000000000000000000e+00
-5.580000000000000515e-01 0.000000000000000000e+00
-5.580000000000000515e-01 0.000000000000000000e+00
-5.559999999999999387e-01 0.000000000000000000e+00
-5.560000000000000497e-01 0.000000000000000000e+00
-5.540000000000000480e-01 0.000000000000000000e+00
-5.540000000000000480e-01 0.000000000000000000e+00
-5.519999999999999352e-01 0.000000000000000000e+00
-5.519999999999999352e-01 0.000000000000000000e+00
-5.499999999999999334e-01 0.000000000000000000e+00
-5.500000000000000444e-01 0.000000000000000000e+00
-5.479999999999999316e-01 0.000000000000000000e+00
-5.480000000000000426e-01 0.000000000000000000e+00
-5.460000000000000409e-01 0.000000000000000000e+00
-5.460000000000000409e-01 0.000000000000000000e+00
-5.440000000000000391e-01 0.000000000000000000e+00
-5.440000000000000391e-01 0.000000000000000000e+00
-5.419999999999999263e-01 0.000000000000000000e+00
-5.420000000000000373e-01 0.000000000000000000e+00
-5.400000000000000355e-01 0.000000000000000000e+00
-5.400000000000001465e-01 0.000000000000000000e+00
-5.380000000000000338e-01 0.000000000000000000e+00
-5.380000000000000338e-01 0.000000000000000000e+00
-5.360000000000000320e-01 0.000000000000000000e+00
-5.360000000000000320e-01 0.000000000000000000e+00
-5.339999999999999192e-01 0.000000000000000000e+00
-5.339999999999999192e-01 0.000000000000000000e+00
-5.319999999999999174e-01 0.000000000000000000e+00
-5.320000000000000284e-01 0.000000000000000000e+00
-5.300000000000000266e-01 0.000000000000000000e+00
-5.300000000000001377e-01 0.000000000000000000e+00
-5.280000000000000249e-01 0.000000000000000000e+00
-5.280000000000000249e-01 0.000000000000000000e+00
-5.260000000000000231e-01 0.000000000000000000e+00
-5.260000000000000231e-01 0.000000000000000000e+00
-5.239999999999999103e-01 0.000000000000000000e+00
-5.240000000000000213e-01 0.000000000000000000e+00
-5.220000000000000195e-01 0.000000000000000000e+00
-5.220000000000001306e-01 0.000000000000000000e+00
-5.200000000000000178e-01 0.000000000000000000e+00
-5.200000000000000178e-01 0.000000000000000000e+00
-5.180000000000000160e-01 0.000000000000000000e+00
-5.180000000000000160e-01 0.000000000000000000e+00
-5.160000000000000142e-01 0.000000000000000000e+00
-5.160000000000001252e-01 0.000000000000000000e+00
-5.140000000000000124e-01 0.000000000000000000e+00
-5.140000000000000124e-01 0.000000000000000000e+00
-5.120000000000000107e-01 0.000000000000000000e+00
-5.120000000000001217e-01 0.000000000000000000e+00
-5.100000000000000089e-01 0.000000000000000000e+00
-5.100000000000000089e-01 0.000000000000000000e+00
-5.080000000000000071e-01 0.000000000000000000e+00
-5.080000000000000071e-01 0.000000000000000000e+00
-5.059999999999998943e-01 0.000000000000000000e+00
-5.060000000000000053e-01 0.000000000000000000e+00
-5.040000000000000036e-01 0.000000000000000000e+00
-5.040000000000001146e-01 0.000000000000000000e+00
-5.020000000000001128e-01 0.000000000000000000e+00
-5.020000000000001128e-01 0.000000000000000000e+00
-5.000000000000000000e-01 0.000000000000000000e+00
-5.000000000000000000e-01 0.000000000000000000e+00
-4.979999999999999427e-01 0.000000000000000000e+00
-4.980000000000000537e-01 0.000000000000000000e+00
-4.959999999999999964e-01 0.000000000000000000e+00
-4.960000000000001075e-01 0.000000000000000000e+00
-4.940000000000001057e-01 0.000000000000000000e+00
-4.940000000000001057e-01 0.000000000000000000e+00
-4.920000000000000484e-01 0.000000000000000000e+00
-4.920000000000000484e-01 0.000000000000000000e+00
-4.899999999999999911e-01 0.000000000000000000e+00
-4.899999999999999911e-01 0.000000000000000000e+00
-4.879999999999999338e-01 0.000000000000000000e+00
-4.880000000000000449e-01 0.000000000000000000e+00
-4.859999999999999876e-01 0.000000000000000000e+00
-4.860000000000000431e-01 0.000000000000000000e+00
-4.839999999999999858e-01 0.000000000000000000e+00
-4.840000000000000413e-01 0.000000000000000000e+00
-4.819999999999999840e-01 0.000000000000000000e+00
-4.820000000000000395e-01 0.000000000000000000e+00
-4.800000000000000377e-01 0.000000000000000000e+00
-4.800000000000000933e-01 0.000000000000000000e+00
-4.780000000000000360e-01 0.000000000000000000e+00
-4.780000000000000915e-01 0.000000000000000000e+00
-4.760000000000000342e-01 0.000000000000000000e+00
-4.760000000000000897e-01 0.000000000000000000e+00
-4.740000000000000324e-01 0.000000000000000000e+00
-4.740000000000000324e-01 0.000000000000000000e+00
-4.719999999999999751e-01 0.000000000000000000e+00
-4.720000000000000306e-01 0.000000000000000000e+00
-4.699999999999999734e-01 0.000000000000000000e+00
-4.700000000000000289e-01 0.000000000000000000e+00
-4.679999999999999716e-01 0.000000000000000000e+00
-4.680000000000000271e-01 0.000000000000000000e+00
-4.659999999999999698e-01 0.000000000000000000e+00
-4.660000000000000253e-01 0.000000000000000000e+00
-4.640000000000000235e-01 0.000000000000000000e+00
-4.640000000000000790e-01 0.000000000000000000e+00
-4.620000000000000218e-01 0.000000000000000000e+00
-4.620000000000000773e-01 0.000000000000000000e+00
-4.600000000000000200e-01 0.000000000000000000e+00
-4.600000000000000755e-01 0.000000000000000000e+00
-4.580000000000000182e-01 0.000000000000000000e+00
-4.580000000000000737e-01 0.000000000000000000e+00
-4.560000000000000164e-01 0.000000000000000000e+00
-4.560000000000000719e-01 0.000000000000000000e+00
-4.540000000000000147e-01 0.000000000000000000e+00
-4.540000000000000147e-01 0.000000000000000000e+00
-4.519999999999999574e-01 0.000000000000000000e+00
-4.520000000000000129e-01 0.000000000000000000e+00
-4.500000000000000111e-01 0.000000000000000000e+00
-4.500000000000000666e-01 0.000000000000000000e+00
-4.480000000000000093e-01 0.000000000000000000e+00
-4.480000000000000648e-01 0.000000000000000000e+00
-4.460000000000000075e-01 0.000000000000000000e+00
-4.460000000000000631e-01 0.000000000000000000e+00
-4.440000000000000058e-01 0.000000000000000000e+00
-4.440000000000000613e-01 0.000000000000000000e+00
-4.420000000000000040e-01 0.000000000000000000e+00
-4.420000000000000595e-01 0.000000000000000000e+00
-4.400000000000000022e-01 0.000000000000000000e+00
-4.400000000000000577e-01 0.000000000000000000e+00
-4.380000000000000004e-01 0.000000000000000000e+00
-4.380000000000000560e-01 0.000000000000000000e+00
-4.360000000000000542e-01 0.000000000000000000e+00
-4.360000000000000542e-01 0.000000000000000000e+00
-4.340000000000000524e-01 0.000000000000000000e+00
-4.340000000000000524e-01 0.000000000000000000e+00
-4.319999999999999951e-01 0.000000000000000000e+00
-4.320000000000000506e-01 0.000000000000000000e+00
-4.299999999999999933e-01 0.000000000000000000e+00
-4.300000000000000488e-01 0.000000000000000000e+00
-4.279999999999999916e-01 0.000000000000000000e+00
-4.280000000000000471e-01 0.000000000000000000e+00
-4.259999999999999898e-01 0.000000000000000000e+00
-4.260000000000000453e-01 0.000000000000000000e+00
-4.239999999999999880e-01 0.000000000000000000e+00
-4.240000000000000435e-01 0.000000000000000000e+00
-4.219999999999999862e-01 0.000000000000000000e+00
-4.220000000000000417e-01 0.000000000000000000e+00
-4.200000000000000400e-01 0.000000000000000000e+00
-4.200000000000000955e-01 0.000000000000000000e+00
-4.180000000000000382e-01 0.000000000000000000e+00
-4.180000000000000937e-01 0.000000000000000000e+00
-4.160000000000000364e-01 0.000000000000000000e+00
-4.160000000000000364e-01 0.000000000000000000e+00
-4.139999999999999791e-01 0.000000000000000000e+00
-4.140000000000000346e-01 0.000000000000000000e+00
-4.119999999999999774e-01 0.000000000000000000e+00
-4.120000000000000329e-01 0.000000000000000000e+00
-4.099999999999999756e-01 0.000000000000000000e+00
-4.100000000000000311e-01 0.000000000000000000e+00
-4.079999999999999738e-01 0.000000000000000000e+00
-4.080000000000000293e-01 0.000000000000000000e+00
-4.060000000000000275e-01 0.000000000000000000e+00
-4.060000000000000830e-01 0.000000000000000000e+00
-4.040000000000000258e-01 0.000000000000000000e+00
-4.040000000000000813e-01 0.000000000000000000e+00
-4.020000000000000240e-01 0.000000000000000000e+00
-4.020000000000000795e-01 0.000000000000000000e+00
-4.000000000000000222e-01 0.000000000000000000e+00
-4.000000000000000777e-01 0.000000000000000000e+00
-3.980000000000000204e-01 0.000000000000000000e+00
-3.980000000000000759e-01 0.000000000000000000e+00
-3.960000000000000187e-01 0.000000000000000000e+00
-3.960000000000000187e-01 0.000000000000000000e+00
-3.939999999999999614e-01 0.000000000000000000e+00
-3.940000000000000169e-01 0.000000000000000000e+00
-3.920000000000000151e-01 0.000000000000000000e+00
-3.920000000000000151e-01 0.000000000000000000e+00
-3.900000000000000133e-01 0.000000000000000000e+00
-3.900000000000000688e-01 0.000000000000000000e+00
-3.880000000000000115e-01 0.000000000000000000e+00
-3.880000000000000671e-01 0.000000000000000000e+00
-3.860000000000000098e-01 0.000000000000000000e+00
-3.860000000000000653e-01 0.000000000000000000e+00
-3.840000000000000080e-01 0.000000000000000000e+00
-3.840000000000000635e-01 0.000000000000000000e+00
-3.820000000000000062e-01 0.000000000000000000e+00
-3.820000000000000617e-01 0.000000000000000000e+00
-3.800000000000000044e-01 0.000000000000000000e+00
-3.800000000000000600e-01 0.000000000000000000e+00
-3.780000000000000027e-01 0.000000000000000000e+00
-3.780000000000000582e-01 0.000000000000000000e+00
-3.760000000000000564e-01 0.000000000000000000e+00
-3.760000000000000564e-01 0.000000000000000000e+00
-3.739999999999999991e-01 0.000000000000000000e+00
-3.740000000000000546e-01 0.000000000000000000e+00
-3.719999999999999973e-01 0.000000000000000000e+00
-3.720000000000000528e-01 0.000000000000000000e+00
-3.699999999999999956e-01 0.000000000000000000e+00
-3.700000000000000511e-01 0.000000000000000000e+00
-3.679999999999999938e-01 0.000000000000000000e+00
-3.680000000000000493e-01 0.000000000000000000e+00
-3.659999999999999920e-01 0.000000000000000000e+00
-3.660000000000000475e-01 0.000000000000000000e+00
-3.639999999999999902e-01 0.000000000000000000e+00
-3.640000000000000457e-01 0.000000000000000000e+00
-3.620000000000000440e-01 0.000000000000000000e+00
-3.620000000000000440e-01 0.000000000000000000e+00
-3.600000000000000422e-01 0.000000000000000000e+00
-3.600000000000000977e-01 0.000000000000000000e+00
-3.580000000000000404e-01 0.000000000000000000e+00
-3.580000000000000959e-01 0.000000000000000000e+00
-3.560000000000000386e-01 0.000000000000000000e+00
-3.560000000000000386e-01 0.000000000000000000e+00
-3.539999999999999813e-01 0.000000000000000000e+00
-3.540000000000000369e-01 0.000000000000000000e+00
-3.519999999999999796e-01 0.000000000000000000e+00
-3.520000000000000351e-01 0.000000000000000000e+00
-3.499999999999999778e-01 0.000000000000000000e+00
-3.500000000000000333e-01 0.000000000000000000e+00
-3.479999999999999760e-01 0.000000000000000000e+00
-3.480000000000000315e-01 0.000000000000000000e+00
-3.460000000000000298e-01 0.000000000000000000e+00
-3.460000000000000853e-01 0.000000000000000000e+00
-3.440000000000000280e-01 0.000000000000000000e+00
-3.440000000000000835e-01 0.000000000000000000e+00
-3.420000000000000262e-01 0.000000000000000000e+00
-3.420000000000000817e-01 0.000000000000000000e+00
-3.400000000000000244e-01 0.000000000000000000e+00
-3.400000000000000799e-01 0.000000000000000000e+00
-3.380000000000000226e-01 0.000000000000000000e+00
-3.380000000000000782e-01 0.000000000000000000e+00
-3.360000000000000209e-01 0.000000000000000000e+00
-3.360000000000000209e-01 0.000000000000000000e+00
-3.339999999999999636e-01 0.000000000000000000e+00
-3.340000000000000191e-01 0.000000000000000000e+00
-3.320000000000000173e-01 0.000000000000000000e+00
-3.320000000000000728e-01 0.000000000000000000e+00
-3.300000000000000155e-01 0.000000000000000000e+00
-3.300000000000000711e-01 0.000000000000000000e+00
-3.280000000000000138e-01 0.000000000000000000e+00
-3.280000000000000693e-01 0.000000000000000000e+00
-3.260000000000000120e-01 0.000000000000000000e+00
-3.260000000000000675e-01 1.999999999968045117e+00
-3.240000000000000102e-01 1.999999999968045117e+00
-3.240000000000000657e-01 2.999999999956885155e+00
-3.220000000000000084e-01 2.999999999956885155e+00
-3.220000000000000639e-01 6.999999999901310055e+00
-3.200000000000000067e-01 6.999999999901310055e+00
-3.200000000000000622e-01 1.099999999985672794e+01
-3.180000000000000049e-01 1.099999999985672794e+01
-3.180000000000000604e-01 1.599999999981043608e+01
-3.160000000000000586e-01 1.599999999981043608e+01
-3.160000000000000586e-01 1.199999999985169552e+01
-3.140000000000000013e-01 1.199999999985169552e+01
-3.140000000000000568e-01 1.199999999985816146e+01
-3.119999999999999996e-01 1.199999999985816146e+01
-3.120000000000000551e-01 1.299999999984299670e+01
-3.099999999999999978e-01 1.299999999984299670e+01
-3.100000000000000533e-01 2.199999999974228615e+01
-3.079999999999999960e-01 2.199999999974228615e+01
-3.080000000000001070e-01 1.899999999978105691e+01
-3.060000000000000497e-01 1.899999999978105691e+01
-3.060000000000000497e-01 1.599999999982578203e+01
-3.039999999999999925e-01 1.599999999982578203e+01
-3.039999999999999925e-01 1.799999999980338927e+01
-3.019999999999999907e-01 1.799999999980338927e+01
-3.020000000000001017e-01 2.699999999974884801e+01
-3.000000000000000444e-01 2.699999999974884801e+01
-3.000000000000000444e-01 3.399999999974843945e+01
-2.979999999999999871e-01 3.399999999974843945e+01
-2.980000000000000981e-01 4.099999999976243004e+01
-2.960000000000000409e-01 4.099999999976243004e+01
-2.960000000000000409e-01 7.899999999964438757e+01
-2.939999999999999836e-01 7.899999999964438757e+01
-2.940000000000000946e-01 9.699999999974946263e+01
-2.920000000000000373e-01 9.699999999974946263e+01
-2.920000000000000373e-01 1.309999999996237250e+02
-2.899999999999999800e-01 1.309999999996237250e+02
-2.900000000000000910e-01 2.039999999995405915e+02
-2.880000000000000338e-01 2.039999999995405915e+02
-2.880000000000000338e-01 2.129999999995720827e+02
-2.860000000000000320e-01 2.129999999995720827e+02
-2.860000000000000320e-01 2.729999999995900453e+02
-2.839999999999999747e-01 2.729999999995900453e+02
-2.840000000000000857e-01 3.049999999995736744e+02
-2.820000000000000284e-01 3.049999999995736744e+02
-2.820000000000000284e-01 3.569999999996058477e+02
-2.799999999999999711e-01 3.569999999996058477e+02
-2.800000000000000822e-01 4.479999999995299618e+02
-2.780000000000000249e-01 4.479999999995299618e+02
-2.780000000000000249e-01 4.859999999995673079e+02
-2.759999999999999676e-01 4.859999999995673079e+02
-2.760000000000000786e-01 5.549999999994453219e+02
-2.740000000000000213e-01 5.549999999994453219e+02
-2.740000000000000213e-01 5.889999999995021653e+02
-2.720000000000000195e-01 5.889999999995021653e+02
-2.720000000000001306e-01 6.219999999995857252e+02
-2.700000000000000733e-01 6.219999999995857252e+02
-2.700000000000000733e-01 6.419999999994869313e+02
-2.680000000000000160e-01 6.419999999994869313e+02
-2.680000000000000160e-01 6.309999999994463451e+02
-2.659999999999999587e-01 6.309999999994463451e+02
-2.660000000000000697e-01 6.139999999995058033e+02
-2.640000000000000124e-01 6.139999999995058033e+02
-2.640000000000000124e-01 6.939999999993343636e+02
-2.619999999999999551e-01 6.939999999993343636e+02
-2.620000000000000662e-01 6.509999999994072368e+02
-2.600000000000000089e-01 6.509999999994072368e+02
-2.600000000000000089e-01 7.099999999992807034e+02
-2.580000000000000071e-01 7.099999999992807034e+02
-2.580000000000001181e-01 7.069999999993135589e+02
-2.560000000000000608e-01 7.069999999993135589e+02
-2.560000000000000608e-01 7.409999999992908215e+02
-2.540000000000000036e-01 7.409999999992908215e+02
-2.540000000000001146e-01 7.699999999992625135e+02
-2.520000000000000573e-01 7.699999999992625135e+02
-2.520000000000000573e-01 6.959999999993182200e+02
-2.500000000000000000e-01 6.959999999993182200e+02
-2.500000000000001110e-01 7.379999999991495088e+02
-2.480000000000000537e-01 7.379999999991495088e+02
-2.480000000000000537e-01 7.489999999991066488e+02
-2.460000000000000242e-01 7.489999999991066488e+02
-2.460000000000000242e-01 7.589999999991225650e+02
-2.439999999999999669e-01 7.589999999991225650e+02
-2.440000000000000779e-01 7.269999999991634922e+02
-2.420000000000000207e-01 7.269999999991634922e+02
-2.420000000000000207e-01 7.499999999990080823e+02
-2.399999999999999911e-01 7.499999999990080823e+02
-2.400000000000000744e-01 7.359999999990039896e+02
-2.380000000000000449e-01 7.359999999990039896e+02
-2.380000000000000449e-01 7.359999999991165396e+02
-2.359999999999999876e-01 7.359999999991165396e+02
-2.360000000000000986e-01 7.019999999990000106e+02
-2.340000000000000413e-01 7.019999999990000106e+02
-2.340000000000000413e-01 6.949999999991830464e+02
-2.320000000000000118e-01 6.949999999991830464e+02
-2.320000000000001228e-01 7.149999999990019433e+02
-2.300000000000000655e-01 7.149999999990019433e+02
-2.300000000000000655e-01 7.309999999990866399e+02
-2.280000000000000082e-01 7.309999999990866399e+02
-2.280000000000000082e-01 7.489999999988644959e+02
-2.259999999999999509e-01 7.489999999988644959e+02
-2.260000000000000620e-01 7.549999999988226591e+02
-2.240000000000000324e-01 7.549999999988226591e+02
-2.240000000000000324e-01 7.109999999988460786e+02
-2.219999999999999751e-01 7.109999999988460786e+02
-2.220000000000000862e-01 7.229999999986620196e+02
-2.200000000000000289e-01 7.229999999986620196e+02
-2.200000000000000289e-01 7.799999999985841441e+02
-2.179999999999999993e-01 7.799999999985841441e+02
-2.180000000000000826e-01 7.359999999986503099e+02
-2.160000000000000531e-01 7.359999999986503099e+02
-2.160000000000000531e-01 7.439999999984768237e+02
-2.139999999999999958e-01 7.439999999984768237e+02
-2.140000000000001068e-01 7.209999999989581738e+02
-2.120000000000000495e-01 7.209999999989581738e+02
-2.120000000000000495e-01 7.799999999985489012e+02
-2.100000000000000200e-01 7.799999999985489012e+02
-2.100000000000001310e-01 7.749999999985908516e+02
-2.080000000000000737e-01 7.749999999985908516e+02
-2.080000000000000737e-01 7.819999999984431724e+02
-2.060000000000000164e-01 7.819999999984431724e+02
-2.060000000000000164e-01 8.219999999981228029e+02
-2.039999999999999591e-01 8.219999999981228029e+02
-2.040000000000000702e-01 7.339999999986538342e+02
-2.020000000000000406e-01 7.339999999986538342e+02
-2.020000000000000406e-01 7.839999999984479473e+02
-1.999999999999999833e-01 7.839999999984479473e+02
-2.000000000000000944e-01 7.929999999983901944e+02
-1.980000000000000371e-01 7.929999999983901944e+02
-1.980000000000000371e-01 7.449999999985825525e+02
-1.960000000000000075e-01 7.449999999985825525e+02
-1.960000000000000908e-01 7.939999999983908765e+02
-1.940000000000000613e-01 7.939999999983908765e+02
-1.940000000000000613e-01 7.679999999981175733e+02
-1.920000000000000040e-01 7.679999999981175733e+02
-1.920000000000001150e-01 8.359999999980127541e+02
-1.900000000000000577e-01 8.359999999980127541e+02
-1.900000000000000577e-01 7.949999999981243946e+02
-1.880000000000000282e-01 7.949999999981243946e+02
-1.880000000000000282e-01 7.659999999974517095e+02
-1.859999999999999709e-01 7.659999999974517095e+02
-1.860000000000000819e-01 7.369999999981696419e+02
-1.840000000000000246e-01 7.369999999981696419e+02
-1.840000000000000246e-01 7.709999999977926564e+02
-1.819999999999999674e-01 7.709999999977926564e+02
-1.820000000000000784e-01 8.079999999980375378e+02
-1.800000000000000488e-01 8.079999999980375378e+02
-1.800000000000000488e-01 8.029999999974705815e+02
-1.779999999999999916e-01 8.029999999974705815e+02
-1.780000000000001026e-01 8.259999999974806997e+02
-1.760000000000000453e-01 8.259999999974806997e+02
-1.760000000000000453e-01 8.089999999972259275e+02
-1.739999999999999880e-01 8.089999999972259275e+02
-1.740000000000000990e-01 7.689999999976238314e+02
-1.720000000000000695e-01 7.689999999976238314e+02
-1.720000000000000695e-01 7.489999999978433607e+02
-1.700000000000000122e-01 7.489999999978433607e+02
-1.700000000000001232e-01 7.559999999977109155e+02
-1.680000000000000659e-01 7.559999999977109155e+02
-1.680000000000000659e-01 7.729999999979705763e+02
-1.660000000000000364e-01 7.729999999979705763e+02
-1.660000000000000364e-01 8.189999999970793851e+02
-1.639999999999999791e-01 8.189999999970793851e+02
-1.640000000000000902e-01 7.909999999974592129e+02
-1.620000000000000329e-01 7.909999999974592129e+02
-1.620000000000000329e-01 7.349999999976919298e+02
-1.599999999999999756e-01 7.349999999976919298e+02
-1.600000000000000866e-01 7.749999999971074658e+02
-1.580000000000000571e-01 7.749999999971074658e+02
-1.580000000000000571e-01 7.929999999975495939e+02
-1.559999999999999998e-01 7.929999999975495939e+02
-1.560000000000001108e-01 7.419999999978924734e+02
-1.540000000000000535e-01 7.419999999978924734e+02
-1.540000000000000535e-01 7.599999999975860874e+02
-1.519999999999999962e-01 7.599999999975860874e+02
-1.520000000000001072e-01 8.359999999972765181e+02
-1.500000000000000777e-01 8.359999999972765181e+02
-1.500000000000000777e-01 8.149999999981104111e+02
-1.480000000000000204e-01 8.149999999981104111e+02
-1.480000000000000204e-01 7.779999999978863343e+02
-1.459999999999999631e-01 7.779999999978863343e+02
-1.460000000000000742e-01 7.739999999977170546e+02
-1.440000000000000169e-01 7.739999999977170546e+02
-1.440000000000000169e-01 8.099999999977451353e+02
-1.419999999999999873e-01 8.099999999977451353e+02
-1.420000000000000984e-01 7.909999999984983106e+02
-1.400000000000000411e-01 7.909999999984983106e+02
-1.400000000000000411e-01 8.079999999976896561e+02
-1.379999999999999838e-01 8.079999999976896561e+02
-1.380000000000000948e-01 8.339999999983242560e+02
-1.360000000000000653e-01 8.339999999983242560e+02
-1.360000000000000653e-01 7.999999999977731022e+02
-1.340000000000000080e-01 7.999999999977731022e+02
-1.340000000000001190e-01 8.539999999974842240e+02
-1.320000000000000617e-01 8.539999999974842240e+02
-1.320000000000000617e-01 8.399999999977393372e+02
-1.300000000000000044e-01 8.399999999977393372e+02
-1.300000000000000044e-01 8.539999999977414973e+02
-1.279999999999999749e-01 8.539999999977414973e+02
-1.280000000000000859e-01 8.009999999980869916e+02
-1.260000000000000286e-01 8.009999999980869916e+02
-1.260000000000000286e-01 7.899999999981284873e+02
-1.239999999999999714e-01 7.899999999981284873e+02
-1.240000000000000824e-01 8.319999999974581897e+02
-1.220000000000000390e-01 8.319999999974581897e+02
-1.220000000000000390e-01 8.219999999978904270e+02
-1.199999999999999956e-01 8.219999999978904270e+02
-1.200000000000000927e-01 8.129999999979328322e+02
-1.180000000000000493e-01 8.129999999979328322e+02
-1.180000000000000493e-01 8.069999999980402663e+02
-1.160000000000000059e-01 8.069999999980402663e+02
-1.160000000000001030e-01 8.559999999975926812e+02
-1.140000000000000596e-01 8.559999999975926812e+02
-1.140000000000000596e-01 8.389999999973445028e+02
-1.120000000000000162e-01 8.389999999973445028e+02
-1.120000000000001272e-01 8.739999999977986818e+02
-1.100000000000000699e-01 8.739999999977986818e+02
-1.100000000000000699e-01 8.519999999978717824e+02
-1.080000000000000265e-01 8.519999999978717824e+02
-1.080000000000000265e-01 8.109999999977164862e+02
-1.059999999999999692e-01 8.109999999977164862e+02
-1.060000000000000803e-01 8.399999999977173957e+02
-1.040000000000000369e-01 8.399999999977173957e+02
-1.040000000000000369e-01 8.469999999973858849e+02
-1.019999999999999796e-01 8.469999999973858849e+02
-1.020000000000000906e-01 8.449999999977442258e+02
-1.000000000000000472e-01 8.449999999977442258e+02
-1.000000000000000472e-01 8.639999999974597813e+02
-9.800000000000000377e-02 8.639999999974597813e+02
-9.800000000000010092e-02 8.449999999976861318e+02
-9.600000000000005751e-02 8.449999999976861318e+02
-9.600000000000005751e-02 8.769999999973944114e+02
-9.400000000000001410e-02 8.769999999973944114e+02
-9.400000000000011124e-02 8.049999999975848368e+02
-9.200000000000006783e-02 8.049999999975848368e+02
-9.200000000000006783e-02 8.489999999973971399e+02
-9.000000000000002442e-02 8.489999999973971399e+02
-9.000000000000002442e-02 8.629999999976794243e+02
-8.799999999999996714e-02 8.629999999976794243e+02
-8.800000000000007816e-02 8.749999999976693061e+02
-8.600000000000003475e-02 8.749999999976693061e+02
-8.600000000000003475e-02 8.399999999978210781e+02
-8.399999999999997746e-02 8.399999999978210781e+02
-8.400000000000008848e-02 8.039999999979135055e+02
-8.200000000000004508e-02 8.039999999979135055e+02
-8.200000000000004508e-02 8.809999999975743776e+02
-7.999999999999998779e-02 8.809999999975743776e+02
-8.000000000000009881e-02 8.229999999980763050e+02
-7.800000000000005540e-02 8.229999999980763050e+02
-7.800000000000005540e-02 8.199999999980002485e+02
-7.599999999999999811e-02 8.199999999980002485e+02
-7.600000000000010913e-02 8.539999999972962996e+02
-7.400000000000006573e-02 8.539999999972962996e+02
-7.400000000000006573e-02 8.979999999974768343e+02
-7.200000000000000844e-02 8.979999999974768343e+02
-7.200000000000011946e-02 8.299999999979916083e+02
-7.000000000000007605e-02 8.299999999979916083e+02
-7.000000000000007605e-02 8.639999999974993443e+02
-6.800000000000003264e-02 8.639999999974993443e+02
-6.800000000000003264e-02 8.669999999977512743e+02
-6.599999999999997535e-02 8.669999999977512743e+02
-6.600000000000008638e-02 8.629999999976034815e+02
-6.400000000000004297e-02 8.629999999976034815e+02
-6.400000000000004297e-02 8.509999999977120524e+02
-6.199999999999998568e-02 8.509999999977120524e+02
-6.200000000000009670e-02 9.049999999974165803e+02
-6.000000000000004635e-02 9.049999999974165803e+02
-6.000000000000004635e-02 9.029999999974841103e+02
-5.800000000000000294e-02 9.029999999974841103e+02
-5.800000000000010703e-02 8.279999999975937044e+02
-5.600000000000006362e-02 8.279999999975937044e+02
-5.600000000000006362e-02 8.819999999973456397e+02
-5.400000000000001327e-02 8.819999999973456397e+02
-5.400000000000011735e-02 8.729999999975482297e+02
-5.200000000000007394e-02 8.729999999975482297e+02
-5.200000000000007394e-02 8.119999999977007974e+02
-5.000000000000002359e-02 8.119999999977007974e+02
-5.000000000000002359e-02 8.759999999976303116e+02
-4.799999999999997324e-02 8.759999999976303116e+02
-4.800000000000008427e-02 8.639999999975860874e+02
-4.600000000000003392e-02 8.639999999975860874e+02
-4.600000000000003392e-02 8.989999999970306135e+02
-4.399999999999998357e-02 8.989999999970306135e+02
-4.400000000000009459e-02 8.299999999978338110e+02
-4.200000000000004424e-02 8.299999999978338110e+02
-4.200000000000004424e-02 9.199999999972415026e+02
-3.999999999999999389e-02 9.199999999972415026e+02
-4.000000000000010492e-02 8.789999999976769232e+02
-3.800000000000005457e-02 8.789999999976769232e+02
-3.800000000000005457e-02 8.599999999980348093e+02
-3.600000000000000422e-02 8.599999999980348093e+02
-3.600000000000011524e-02 8.379999999979735321e+02
-3.400000000000006489e-02 8.379999999979735321e+02
-3.400000000000006489e-02 9.049999999973323384e+02
-3.200000000000002148e-02 9.049999999973323384e+02
-3.200000000000002148e-02 9.119999999972480964e+02
-2.999999999999997113e-02 9.119999999972480964e+02
-3.000000000000007869e-02 8.869999999976654408e+02
-2.800000000000003181e-02 8.869999999976654408e+02
-2.800000000000003181e-02 9.209999999979246468e+02
-2.599999999999998146e-02 9.209999999979246468e+02
-2.600000000000008901e-02 9.269999999974768343e+02
-2.400000000000004213e-02 9.269999999974768343e+02
-2.400000000000004213e-02 8.899999999975863147e+02
-2.199999999999999178e-02 8.899999999975863147e+02
-2.200000000000010281e-02 9.099999999978696223e+02
-2.000000000000005246e-02 9.099999999978696223e+02
-2.000000000000005246e-02 9.249999999976754452e+02
-1.800000000000000211e-02 9.249999999976754452e+02
-1.800000000000011313e-02 9.579999999973205149e+02
-1.600000000000006278e-02 9.579999999973205149e+02
-1.600000000000006278e-02 8.909999999976973868e+02
-1.400000000000001590e-02 8.909999999976973868e+02
-1.400000000000012346e-02 9.799999999977492280e+02
-1.200000000000007484e-02 9.799999999977492280e+02
-1.200000000000007484e-02 8.619999999973679223e+02
-1.000000000000002623e-02 8.619999999973679223e+02
-1.000000000000002623e-02 8.949999999977429752e+02
-7.999999999999977615e-03 8.949999999977429752e+02
-8.000000000000086903e-03 9.169999999975951823e+02
-6.000000000000037421e-03 9.169999999975951823e+02
-6.000000000000037421e-03 9.009999999978293772e+02
-3.999999999999988808e-03 9.009999999978293772e+02
-4.000000000000097228e-03 9.039999999980606162e+02
-2.000000000000048614e-03 9.039999999980606162e+02
-2.000000000000048614e-03 9.379999999977397920e+02
0.000000000000000000e+00 9.379999999977397920e+02
-1.084202172485504434e-16 9.329999999981987457e+02
1.999999999999940194e-03 9.329999999981987457e+02
1.999999999999940194e-03 9.629999999981257588e+02
3.999999999999988808e-03 9.629999999981257588e+02
3.999999999999880387e-03 9.079999999978748519e+02
5.999999999999929001e-03 9.079999999978748519e+02
5.999999999999929001e-03 9.259999999982067038e+02
7.999999999999977615e-03 9.259999999982067038e+02
7.999999999999977615e-03 8.759999999980316261e+02
1.000000000000002623e-02 8.759999999980316261e+02
9.999999999999918676e-03 9.699999999977015932e+02
1.199999999999996556e-02 9.699999999977015932e+02
1.199999999999996556e-02 9.099999999981487235e+02
1.400000000000001590e-02 9.099999999981487235e+02
1.399999999999990662e-02 8.969999999982993586e+02
1.599999999999995523e-02 8.969999999982993586e+02
1.599999999999995523e-02 9.079999999977918606e+02
1.800000000000000211e-02 9.079999999977918606e+02
1.799999999999989456e-02 9.299999999979479526e+02
1.999999999999994491e-02 9.299999999979479526e+02
1.999999999999994491e-02 9.499999999977709422e+02
2.199999999999999178e-02 9.499999999977709422e+02
2.199999999999988423e-02 9.249999999974011189e+02
2.399999999999993111e-02 9.249999999974011189e+02
2.399999999999993111e-02 9.839999999978028882e+02
2.599999999999998146e-02 9.839999999978028882e+02
2.599999999999987391e-02 9.299999999982309191e+02
2.799999999999992079e-02 9.299999999982309191e+02
2.799999999999992079e-02 9.229999999981248493e+02
2.999999999999997113e-02 9.229999999981248493e+02
2.999999999999997113e-02 9.469999999980891516e+02
3.200000000000002148e-02 9.469999999980891516e+02
3.199999999999991046e-02 8.959999999977078460e+02
3.399999999999996081e-02 8.959999999977078460e+02
3.399999999999996081e-02 9.829999999979038421e+02
3.600000000000000422e-02 9.829999999979038421e+02
3.599999999999990014e-02 9.669999999981197334e+02
3.799999999999995048e-02 9.669999999981197334e+02
3.799999999999995048e-02 9.479999999979039558e+02
3.999999999999999389e-02 9.479999999979039558e+02
3.999999999999988981e-02 9.599999999978490450e+02
4.199999999999994016e-02 9.599999999978490450e+02
4.199999999999994016e-02 9.699999999980716439e+02
4.399999999999998357e-02 9.699999999980716439e+02
4.399999999999987949e-02 9.339999999980375378e+02
4.599999999999992290e-02 9.339999999980375378e+02
4.599999999999992290e-02 1.033999999997385203e+03
4.799999999999997324e-02 1.033999999997385203e+03
4.799999999999997324e-02 9.449999999982574082e+02
5.000000000000002359e-02 9.449999999982574082e+02
4.999999999999991257e-02 9.139999999977466132e+02
5.199999999999996292e-02 9.139999999977466132e+02
5.199999999999996292e-02 1.028999999997584382e+03
5.400000000000001327e-02 1.028999999997584382e+03
5.399999999999990224e-02 9.789999999982414920e+02
5.599999999999995259e-02 9.789999999982414920e+02
5.599999999999995259e-02 9.389999999980726670e+02
5.800000000000000294e-02 9.389999999980726670e+02
5.799999999999989192e-02 1.044999999997560280e+03
5.999999999999994227e-02 1.044999999997560280e+03
5.999999999999994227e-02 9.309999999981694145e+02
6.199999999999998568e-02 9.309999999981694145e+02
6.199999999999988159e-02 1.043999999997741952e+03
6.399999999999993194e-02 1.043999999997741952e+03
6.399999999999993194e-02 9.899999999975083256e+02
6.599999999999997535e-02 9.899999999975083256e+02
6.599999999999986433e-02 1.016999999997943405e+03
6.799999999999992162e-02 1.016999999997943405e+03
6.799999999999992162e-02 1.014999999997870418e+03
6.999999999999996503e-02 1.014999999997870418e+03
6.999999999999996503e-02 1.043999999997477289e+03
7.200000000000000844e-02 1.043999999997477289e+03
7.199999999999991129e-02 9.669999999975499350e+02
7.399999999999995470e-02 9.669999999975499350e+02
7.399999999999995470e-02 9.999999999974130560e+02
7.599999999999999811e-02 9.999999999974130560e+02
7.599999999999990097e-02 9.809999999978754204e+02
7.799999999999994438e-02 9.809999999978754204e+02
7.799999999999994438e-02 9.849999999977833340e+02
7.999999999999998779e-02 9.849999999977833340e+02
7.999999999999989064e-02 9.909999999974427283e+02
8.199999999999993405e-02 9.909999999974427283e+02
8.199999999999993405e-02 9.749999999978565484e+02
8.399999999999997746e-02 9.749999999978565484e+02
8.399999999999988032e-02 1.010999999997933060e+03
8.599999999999992373e-02 1.010999999997933060e+03
8.599999999999992373e-02 9.549999999980577741e+02
8.799999999999996714e-02 9.549999999980577741e+02
8.799999999999996714e-02 9.819999999981720293e+02
9.000000000000002442e-02 9.819999999981720293e+02
8.999999999999991340e-02 1.074999999997504801e+03
9.199999999999995681e-02 1.074999999997504801e+03
9.199999999999995681e-02 1.018999999997810164e+03
9.400000000000001410e-02 1.018999999997810164e+03
9.399999999999990308e-02 1.026999999997698978e+03
9.599999999999994649e-02 1.026999999997698978e+03
9.599999999999994649e-02 1.039999999997523219e+03
9.800000000000000377e-02 1.039999999997523219e+03
9.799999999999989275e-02 1.033999999997634404e+03
9.999999999999993616e-02 1.033999999997634404e+03
9.999999999999993616e-02 9.699999999976478193e+02
1.019999999999999796e-01 9.699999999976478193e+02
1.019999999999998824e-01 1.012999999997929422e+03
1.039999999999999258e-01 1.012999999997929422e+03
1.039999999999999258e-01 1.002999999998094722e+03
1.059999999999999692e-01 1.002999999998094722e+03
1.059999999999999692e-01 9.879999999980152552e+02
1.080000000000000265e-01 9.879999999980152552e+02
1.079999999999999155e-01 9.859999999981166638e+02
1.099999999999999589e-01 9.859999999981166638e+02
1.099999999999999589e-01 1.018999999997968644e+03
1.120000000000000162e-01 1.018999999997968644e+03
1.119999999999999052e-01 9.809999999980246912e+02
1.139999999999999486e-01 9.809999999980246912e+02
1.139999999999999486e-01 1.105999999997932719e+03
1.160000000000000059e-01 1.105999999997932719e+03
1.159999999999998949e-01 1.083999999997754685e+03
1.179999999999999383e-01 1.083999999997754685e+03
1.179999999999999383e-01 1.052999999997803116e+03
1.199999999999999956e-01 1.052999999997803116e+03
1.199999999999998845e-01 9.819999999977609377e+02
1.219999999999999279e-01 9.819999999977609377e+02
1.219999999999999279e-01 1.051999999997972964e+03
1.239999999999999714e-01 1.051999999997972964e+03
1.239999999999998742e-01 1.041999999998153498e+03
1.259999999999999176e-01 1.041999999998153498e+03
1.259999999999999176e-01 1.055999999997989107e+03
1.279999999999999749e-01 1.055999999997989107e+03
1.279999999999999749e-01 1.037999999998006160e+03
1.300000000000000044e-01 1.037999999998006160e+03
1.299999999999998934e-01 1.048999999997712621e+03
1.319999999999999507e-01 1.048999999997712621e+03
1.319999999999999507e-01 1.082999999997685791e+03
1.340000000000000080e-01 1.082999999997685791e+03
1.339999999999998970e-01 1.013999999997911800e+03
1.359999999999999543e-01 1.013999999997911800e+03
1.359999999999999543e-01 1.064999999998027988e+03
1.379999999999999838e-01 1.064999999998027988e+03
1.379999999999998728e-01 1.106999999997922941e+03
1.399999999999999301e-01 1.106999999997922941e+03
1.399999999999999301e-01 1.087999999997838358e+03
1.419999999999999873e-01 1.087999999997838358e+03
1.419999999999998763e-01 1.099999999997924760e+03
1.439999999999999336e-01 1.099999999997924760e+03
1.439999999999999336e-01 1.091999999998272642e+03
1.459999999999999631e-01 1.091999999998272642e+03
1.459999999999999631e-01 1.068999999998022531e+03
1.480000000000000204e-01 1.068999999998022531e+03
1.479999999999999094e-01 1.105999999997829491e+03
1.499999999999999667e-01 1.105999999997829491e+03
1.499999999999999667e-01 1.057999999997929990e+03
1.519999999999999962e-01 1.057999999997929990e+03
1.519999999999999130e-01 1.099999999998010253e+03
1.539999999999999425e-01 1.099999999998010253e+03
1.539999999999999425e-01 1.120999999997646910e+03
1.559999999999999998e-01 1.120999999997646910e+03
1.559999999999998888e-01 1.095999999998241492e+03
1.579999999999999460e-01 1.095999999998241492e+03
1.579999999999999460e-01 1.072999999997702389e+03
1.599999999999999756e-01 1.072999999997702389e+03
1.599999999999998646e-01 1.151999999997744453e+03
1.619999999999999218e-01 1.151999999997744453e+03
1.619999999999999218e-01 1.162999999997510486e+03
1.639999999999999791e-01 1.162999999997510486e+03
1.639999999999998681e-01 1.122999999997764007e+03
1.659999999999999254e-01 1.122999999997764007e+03
1.659999999999999254e-01 1.152999999997894065e+03
1.679999999999999549e-01 1.152999999997894065e+03
1.679999999999999549e-01 1.096999999998002522e+03
1.700000000000000122e-01 1.096999999998002522e+03
1.699999999999999012e-01 1.112999999997977966e+03
1.719999999999999585e-01 1.112999999997977966e+03
1.719999999999999585e-01 1.103999999998031399e+03
1.739999999999999880e-01 1.103999999998031399e+03
1.739999999999999047e-01 1.111999999997517989e+03
1.759999999999999343e-01 1.111999999997517989e+03
1.759999999999999343e-01 1.151999999998182830e+03
1.779999999999999916e-01 1.151999999998182830e+03
1.779999999999998805e-01 1.114999999998070962e+03
1.799999999999999378e-01 1.114999999998070962e+03
1.799999999999999378e-01 1.148999999997501163e+03
1.819999999999999674e-01 1.148999999997501163e+03
1.819999999999999674e-01 1.199999999997677605e+03
1.840000000000000246e-01 1.199999999997677605e+03
1.839999999999998026e-01 1.117999999998212161e+03
1.859999999999998599e-01 1.117999999998212161e+03
1.859999999999998599e-01 1.131999999998173280e+03
1.879999999999999172e-01 1.131999999998173280e+03
1.879999999999999172e-01 1.122999999998082558e+03
1.899999999999999467e-01 1.122999999998082558e+03
1.899999999999999467e-01 1.141999999998261274e+03
1.920000000000000040e-01 1.141999999998261274e+03
1.920000000000000040e-01 1.154999999998297653e+03
1.940000000000000613e-01 1.154999999998297653e+03
1.939999999999998392e-01 1.093999999998187604e+03
1.959999999999998965e-01 1.093999999998187604e+03
1.959999999999998965e-01 1.131999999998209205e+03
1.979999999999999261e-01 1.131999999998209205e+03
1.979999999999999261e-01 1.178999999998075737e+03
1.999999999999999833e-01 1.178999999998075737e+03
1.999999999999999833e-01 1.152999999998118028e+03
2.020000000000000406e-01 1.152999999998118028e+03
2.019999999999998186e-01 1.050999999998398835e+03
2.039999999999998759e-01 1.050999999998398835e+03
2.039999999999998759e-01 1.107999999998262865e+03
2.059999999999999054e-01 1.107999999998262865e+03
2.059999999999999054e-01 1.015999999998656449e+03
2.079999999999999627e-01 1.015999999998656449e+03
2.079999999999999627e-01 1.080999999998398380e+03
2.100000000000000200e-01 1.080999999998398380e+03
2.100000000000000200e-01 9.619999999985387831e+02
2.120000000000000495e-01 9.619999999985387831e+02
2.119999999999998275e-01 8.869999999987827550e+02
2.139999999999998848e-01 8.869999999987827550e+02
2.139999999999998848e-01 7.649999999985225259e+02
2.159999999999999420e-01 7.649999999985225259e+02
2.159999999999999420e-01 7.429999999985083150e+02
2.179999999999999993e-01 7.429999999985083150e+02
2.179999999999999993e-01 6.189999999986754347e+02
2.200000000000000289e-01 6.189999999986754347e+02
2.199999999999998068e-01 4.939999999982169925e+02
2.219999999999998641e-01 4.939999999982169925e+02
2.219999999999998641e-01 4.169999999985341219e+02
2.239999999999999214e-01 4.169999999985341219e+02
2.239999999999999214e-01 3.349999999984887609e+02
2.259999999999999509e-01 3.349999999984887609e+02
2.259999999999999509e-01 2.469999999987732622e+02
2.280000000000000082e-01 2.469999999987732622e+02
2.280000000000000082e-01 1.729999999989250625e+02
2.300000000000000655e-01 1.729999999989250625e+02
2.299999999999998435e-01 1.209999999985463575e+02
2.319999999999999007e-01 1.209999999985463575e+02
2.319999999999999007e-01 8.599999999880429868e+01
2.339999999999999303e-01 8.599999999880429868e+01
2.339999999999999303e-01 7.899999999827940655e+01
2.359999999999999876e-01 7.899999999827940655e+01
2.359999999999999876e-01 6.199999999862140498e+01
2.380000000000000449e-01 6.199999999862140498e+01
2.379999999999998228e-01 4.399999999907261383e+01
2.399999999999998801e-01 4.399999999907261383e+01
2.399999999999998801e-01 3.699999999913254101e+01
2.419999999999999096e-01 3.699999999913254101e+01
2.419999999999999096e-01 5.899999999847945986e+01
2.439999999999999669e-01 5.899999999847945986e+01
2.439999999999999669e-01 5.099999999854948385e+01
2.460000000000000242e-01 5.099999999854948385e+01
2.460000000000000242e-01 4.899999999892585123e+01
2.480000000000000537e-01 4.899999999892585123e+01
2.479999999999998594e-01 4.199999999876239798e+01
2.499999999999998890e-01 4.199999999876239798e+01
2.499999999999998890e-01 3.099999999918689397e+01
2.519999999999999463e-01 3.099999999918689397e+01
2.519999999999999463e-01 2.299999999914487603e+01
2.540000000000000036e-01 2.299999999914487603e+01
2.540000000000000036e-01 2.999999999885660174e+01
2.560000000000000608e-01 2.999999999885660174e+01
2.559999999999998388e-01 2.799999999887588942e+01
2.579999999999998961e-01 2.799999999887588942e+01
2.579999999999998961e-01 1.099999999949414686e+01
2.599999999999998979e-01 1.099999999949414686e+01
2.599999999999998979e-01 1.299999999947275775e+01
2.619999999999999551e-01 1.299999999947275775e+01
2.619999999999999551e-01 1.899999999911614168e+01
2.640000000000000124e-01 1.899999999911614168e+01
2.640000000000000124e-01 1.599999999931265116e+01
2.660000000000000697e-01 1.599999999931265116e+01
2.659999999999998477e-01 1.299999999937852024e+01
2.679999999999999050e-01 1.299999999937852024e+01
2.679999999999999050e-01 8.999999999478024648e+00
2.699999999999999623e-01 8.999999999478024648e+00
2.699999999999999623e-01 1.499999999935341322e+01
2.720000000000000195e-01 1.499999999935341322e+01
2.720000000000000195e-01 2.299999999881082857e+01
2.740000000000000213e-01 2.299999999881082857e+01
2.739999999999998548e-01 1.899999999909977078e+01
2.759999999999998566e-01 1.899999999909977078e+01
2.759999999999998566e-01 1.699999999925049465e+01
2.779999999999999138e-01 1.699999999925049465e+01
2.779999999999999138e-01 1.499999999920339988e+01
2.799999999999999711e-01 1.499999999920339988e+01
2.799999999999999711e-01 1.299999999916400384e+01
2.820000000000000284e-01 1.299999999916400384e+01
2.819999999999998064e-01 5.999999999630709624e+00
2.839999999999998637e-01 5.999999999630709624e+00
2.839999999999998637e-01 7.999999999552835916e+00
2.859999999999999210e-01 7.999999999552835916e+00
2.859999999999999210e-01 5.999999999602220413e+00
2.879999999999999782e-01 5.999999999602220413e+00
2.879999999999999782e-01 4.999999999688089503e+00
2.899999999999999800e-01 4.999999999688089503e+00
2.899999999999999800e-01 8.999999999337669365e+00
2.920000000000000373e-01 8.999999999337669365e+00
2.919999999999998153e-01 2.999999999787942073e+00
2.939999999999998725e-01 2.999999999787942073e+00
2.939999999999998725e-01 1.999999999865579525e+00
2.959999999999999298e-01 1.999999999865579525e+00
2.959999999999999298e-01 7.999999999432636955e+00
2.979999999999999871e-01 7.999999999432636955e+00
2.979999999999999871e-01 9.999999999255328120e+00
3.000000000000000444e-01 9.999999999255328120e+00
2.999999999999998224e-01 1.999999999841358900e+00
3.019999999999998797e-01 1.999999999841358900e+00
3.019999999999998797e-01 4.999999999577710241e+00
3.039999999999998814e-01 4.999999999577710241e+00
3.039999999999998814e-01 5.999999999537449114e+00
3.059999999999999387e-01 5.999999999537449114e+00
3.059999999999999387e-01 9.999999999041959686e-01
3.079999999999999960e-01 9.999999999041959686e-01
3.079999999999999960e-01 2.999999999761705283e+00
3.100000000000000533e-01 2.999999999761705283e+00
3.099999999999998312e-01 9.999999999134451256e-01
3.119999999999998885e-01 9.999999999134451256e-01
3.119999999999998885e-01 1.999999999828645958e+00
3.139999999999999458e-01 1.999999999828645958e+00
3.139999999999999458e-01 0.000000000000000000e+00
3.160000000000000031e-01 0.000000000000000000e+00
3.160000000000000031e-01 9.999999999007713747e-01
3.180000000000000049e-01 9.999999999007713747e-01
3.179999999999998384e-01 0.000000000000000000e+00
3.199999999999998401e-01 0.000000000000000000e+00
3.199999999999998401e-01 0.000000000000000000e+00
3.219999999999998974e-01 0.000000000000000000e+00
3.219999999999998974e-01 9.999999999005184659e-01
3.239999999999999547e-01 9.999999999005184659e-01
3.239999999999999547e-01 0.000000000000000000e+00
3.260000000000000120e-01 0.000000000000000000e+00
3.260000000000000120e-01 0.000000000000000000e+00
3.280000000000000693e-01 0.000000000000000000e+00
3.279999999999998472e-01 0.000000000000000000e+00
3.299999999999999045e-01 0.000000000000000000e+00
3.299999999999999045e-01 0.000000000000000000e+00
3.319999999999999618e-01 0.000000000000000000e+00
3.319999999999999618e-01 0.000000000000000000e+00
3.339999999999999636e-01 0.000000000000000000e+00
3.339999999999999636e-01 0.000000000000000000e+00
3.360000000000000209e-01 0.000000000000000000e+00
3.359999999999997988e-01 0.000000000000000000e+00
3.379999999999998561e-01 0.000000000000000000e+00
3.379999999999998561e-01 0.000000000000000000e+00
3.399999999999999134e-01 0.000000000000000000e+00
3.399999999999999134e-01 0.000000000000000000e+00
3.419999999999999707e-01 0.000000000000000000e+00
3.419999999999999707e-01 0.000000000000000000e+00
3.440000000000000280e-01 0.000000000000000000e+00
3.440000000000000280e-01 0.000000000000000000e+00
3.460000000000000853e-01 0.000000000000000000e+00
3.459999999999998632e-01 0.000000000000000000e+00
3.479999999999999205e-01 0.000000000000000000e+00
3.479999999999999205e-01 0.000000000000000000e+00
3.499999999999999223e-01 0.000000000000000000e+00
3.499999999999999223e-01 0.000000000000000000e+00
3.519999999999999796e-01 0.000000000000000000e+00
3.519999999999999796e-01 0.000000000000000000e+00
3.540000000000000369e-01 0.000000000000000000e+00
3.539999999999998148e-01 0.000000000000000000e+00
3.559999999999998721e-01 0.000000000000000000e+00
3.559999999999998721e-01 0.000000000000000000e+00
3.579999999999999294e-01 0.000000000000000000e+00
3.579999999999999294e-01 0.000000000000000000e+00
3.599999999999999867e-01 0.000000000000000000e+00
3.599999999999999867e-01 0.000000000000000000e+00
3.620000000000000440e-01 0.000000000000000000e+00
3.620000000000000440e-01 0.000000000000000000e+00
3.640000000000000457e-01 0.000000000000000000e+00
3.639999999999998237e-01 0.000000000000000000e+00
3.659999999999998810e-01 0.000000000000000000e+00
3.659999999999998810e-01 0.000000000000000000e+00
3.679999999999999383e-01 0.000000000000000000e+00
3.679999999999999383e-01 0.000000000000000000e+00
3.699999999999999956e-01 0.000000000000000000e+00
3.699999999999999956e-01 0.000000000000000000e+00
3.720000000000000528e-01 0.000000000000000000e+00
3.719999999999998308e-01 0.000000000000000000e+00
3.739999999999998881e-01 0.000000000000000000e+00
3.739999999999998881e-01 0.000000000000000000e+00
3.759999999999999454e-01 0.000000000000000000e+00
3.759999999999999454e-01 0.000000000000000000e+00
3.779999999999999472e-01 0.000000000000000000e+00
3.779999999999999472e-01 0.000000000000000000e+00
3.800000000000000044e-01 0.000000000000000000e+00
3.799999999999997824e-01 0.000000000000000000e+00
3.819999999999998397e-01 0.000000000000000000e+00
3.819999999999998397e-01 0.000000000000000000e+00
3.839999999999998970e-01 0.000000000000000000e+00
3.839999999999998970e-01 0.000000000000000000e+00
3.859999999999999543e-01 0.000000000000000000e+00
3.859999999999999543e-01 0.000000000000000000e+00
3.880000000000000115e-01 0.000000000000000000e+00
3.880000000000000115e-01 0.000000000000000000e+00
3.900000000000000688e-01 0.000000000000000000e+00
3.899999999999998468e-01 0.000000000000000000e+00
3.919999999999999041e-01 0.000000000000000000e+00
3.919999999999999041e-01 0.000000000000000000e+00
3.939999999999999059e-01 0.000000000000000000e+00
3.939999999999999059e-01 0.000000000000000000e+00
3.959999999999999631e-01 0.000000000000000000e+00
3.959999999999999631e-01 0.000000000000000000e+00
3.980000000000000204e-01 0.000000000000000000e+00
3.979999999999997984e-01 0.000000000000000000e+00
3.999999999999998557e-01 0.000000000000000000e+00
3.999999999999998557e-01 0.000000000000000000e+00
4.019999999999999130e-01 0.000000000000000000e+00
4.019999999999999130e-01 0.000000000000000000e+00
4.039999999999999702e-01 0.000000000000000000e+00
4.039999999999999702e-01 0.000000000000000000e+00
4.060000000000000275e-01 0.000000000000000000e+00
4.060000000000000275e-01 0.000000000000000000e+00
4.080000000000000293e-01 0.000000000000000000e+00
4.079999999999998073e-01 0.000000000000000000e+00
4.099999999999998646e-01 0.000000000000000000e+00
4.099999999999998646e-01 0.000000000000000000e+00
4.119999999999999218e-01 0.000000000000000000e+00
4.119999999999999218e-01 0.000000000000000000e+00
4.139999999999999791e-01 0.000000000000000000e+00
4.139999999999999791e-01 0.000000000000000000e+00
4.160000000000000364e-01 0.000000000000000000e+00
4.159999999999998144e-01 0.000000000000000000e+00
4.179999999999998717e-01 0.000000000000000000e+00
4.179999999999998717e-01 0.000000000000000000e+00
4.199999999999999289e-01 0.000000000000000000e+00
4.199999999999999289e-01 0.000000000000000000e+00
4.219999999999999307e-01 0.000000000000000000e+00
4.219999999999999307e-01 0.000000000000000000e+00
4.239999999999999880e-01 0.000000000000000000e+00
4.239999999999999880e-01 0.000000000000000000e+00
4.260000000000000453e-01 0.000000000000000000e+00
4.259999999999998233e-01 0.000000000000000000e+00
4.279999999999998805e-01 0.000000000000000000e+00
4.279999999999998805e-01 0.000000000000000000e+00
4.299999999999999378e-01 0.000000000000000000e+00
4.299999999999999378e-01 0.000000000000000000e+00
4.319999999999999951e-01 0.000000000000000000e+00
4.319999999999999951e-01 0.000000000000000000e+00
4.340000000000000524e-01 0.000000000000000000e+00
4.339999999999998304e-01 0.000000000000000000e+00
4.359999999999998876e-01 0.000000000000000000e+00
4.359999999999998876e-01 0.000000000000000000e+00
4.379999999999998894e-01 0.000000000000000000e+00
4.379999999999998894e-01 0.000000000000000000e+00
4.399999999999999467e-01 0.000000000000000000e+00
4.399999999999999467e-01 0.000000000000000000e+00
4.420000000000000040e-01 0.000000000000000000e+00
4.420000000000000040e-01 0.000000000000000000e+00
4.440000000000000613e-01 0.000000000000000000e+00
4.439999999999998392e-01 0.000000000000000000e+00
4.459999999999998965e-01 0.000000000000000000e+00
4.459999999999998965e-01 0.000000000000000000e+00
4.479999999999999538e-01 0.000000000000000000e+00
4.479999999999999538e-01 0.000000000000000000e+00
4.500000000000000111e-01 0.000000000000000000e+00
4.500000000000000111e-01 0.000000000000000000e+00
4.520000000000000129e-01 0.000000000000000000e+00
4.519999999999998463e-01 0.000000000000000000e+00
4.539999999999998481e-01 0.000000000000000000e+00
4.539999999999998481e-01 0.000000000000000000e+00
4.559999999999999054e-01 0.000000000000000000e+00
4.559999999999999054e-01 0.000000000000000000e+00
4.579999999999999627e-01 0.000000000000000000e+00
4.579999999999999627e-01 0.000000000000000000e+00
4.600000000000000200e-01 0.000000000000000000e+00
4.599999999999997979e-01 0.000000000000000000e+00
4.619999999999998552e-01 0.000000000000000000e+00
4.619999999999998552e-01 0.000000000000000000e+00
4.639999999999999125e-01 0.000000000000000000e+00
4.639999999999999125e-01 0.000000000000000000e+00
4.659999999999999698e-01 0.000000000000000000e+00
4.659999999999999698e-01 0.000000000000000000e+00
4.679999999999999716e-01 0.000000000000000000e+00
4.679999999999999716e-01 0.000000000000000000e+00
4.700000000000000289e-01 0.000000000000000000e+00
4.699999999999998068e-01 0.000000000000000000e+00
4.719999999999998641e-01 0.000000000000000000e+00
4.719999999999998641e-01 0.000000000000000000e+00
4.739999999999999214e-01 0.000000000000000000e+00
4.739999999999999214e-01 0.000000000000000000e+00
4.759999999999999787e-01 0.000000000000000000e+00
4.759999999999999787e-01 0.000000000000000000e+00
4.780000000000000360e-01 0.000000000000000000e+00
4.779999999999998139e-01 0.000000000000000000e+00
4.799999999999998712e-01 0.000000000000000000e+00
4.799999999999998712e-01 0.000000000000000000e+00
4.819999999999998730e-01 0.000000000000000000e+00
4.819999999999998730e-01 0.000000000000000000e+00
4.839999999999999303e-01 0.000000000000000000e+00
4.839999999999999303e-01 0.000000000000000000e+00
4.859999999999999876e-01 0.000000000000000000e+00
4.859999999999999876e-01 0.000000000000000000e+00
4.880000000000000449e-01 0.000000000000000000e+00
4.879999999999998228e-01 0.000000000000000000e+00
4.899999999999998801e-01 0.000000000000000000e+00
4.899999999999998801e-01 0.000000000000000000e+00
4.919999999999999374e-01 0.000000000000000000e+00
4.919999999999999374e-01 0.000000000000000000e+00
4.939999999999999947e-01 0.000000000000000000e+00
4.939999999999999947e-01 0.000000000000000000e+00
4.959999999999999964e-01 0.000000000000000000e+00
4.959999999999998299e-01 0.000000000000000000e+00
4.979999999999998317e-01 0.000000000000000000e+00
4.979999999999998317e-01 0.000000000000000000e+00
4.999999999999998890e-01 0.000000000000000000e+00
4.999999999999998890e-01 0.000000000000000000e+00
5.020000000000000018e-01 0.000000000000000000e+00
5.020000000000000018e-01 0.000000000000000000e+00
5.040000000000000036e-01 0.000000000000000000e+00
5.040000000000000036e-01 0.000000000000000000e+00
5.060000000000000053e-01 0.000000000000000000e+00
5.059999999999997833e-01 0.000000000000000000e+00
5.079999999999998961e-01 0.000000000000000000e+00
5.079999999999998961e-01 0.000000000000000000e+00
5.099999999999998979e-01 0.000000000000000000e+00
5.099999999999998979e-01 0.000000000000000000e+00
5.120000000000000107e-01 0.000000000000000000e+00
5.120000000000000107e-01 0.000000000000000000e+00
5.140000000000000124e-01 0.000000000000000000e+00
5.139999999999997904e-01 0.000000000000000000e+00
5.159999999999999032e-01 0.000000000000000000e+00
5.159999999999999032e-01 0.000000000000000000e+00
5.179999999999999050e-01 0.000000000000000000e+00
5.179999999999999050e-01 0.000000000000000000e+00
5.199999999999999067e-01 0.000000000000000000e+00
5.199999999999999067e-01 0.000000000000000000e+00
5.220000000000000195e-01 0.000000000000000000e+00
5.220000000000000195e-01 0.000000000000000000e+00
5.240000000000000213e-01 0.000000000000000000e+00
5.239999999999997993e-01 0.000000000000000000e+00
5.259999999999999121e-01 0.000000000000000000e+00
5.259999999999999121e-01 0.000000000000000000e+00
5.279999999999999138e-01 0.000000000000000000e+00
5.279999999999999138e-01 0.000000000000000000e+00
5.300000000000000266e-01 0.000000000000000000e+00
5.300000000000000266e-01 0.000000000000000000e+00
5.320000000000000284e-01 0.000000000000000000e+00
5.319999999999998064e-01 0.000000000000000000e+00
5.339999999999998082e-01 0.000000000000000000e+00
5.339999999999998082e-01 0.000000000000000000e+00
5.359999999999999210e-01 0.000000000000000000e+00
5.359999999999999210e-01 0.000000000000000000e+00
5.379999999999999227e-01 0.000000000000000000e+00
5.379999999999999227e-01 0.000000000000000000e+00
5.400000000000000355e-01 0.000000000000000000e+00
5.400000000000000355e-01 0.000000000000000000e+00
5.420000000000000373e-01 0.000000000000000000e+00
5.419999999999998153e-01 0.000000000000000000e+00
5.439999999999999281e-01 0.000000000000000000e+00
5.439999999999999281e-01 0.000000000000000000e+00
5.459999999999999298e-01 0.000000000000000000e+00
5.459999999999999298e-01 0.000000000000000000e+00
5.479999999999999316e-01 0.000000000000000000e+00
5.479999999999999316e-01 0.000000000000000000e+00
5.500000000000000444e-01 0.000000000000000000e+00
5.499999999999998224e-01 0.000000000000000000e+00
5.519999999999998241e-01 0.000000000000000000e+00
5.519999999999998241e-01 0.000000000000000000e+00
5.539999999999999369e-01 0.000000000000000000e+00
5.539999999999999369e-01 0.000000000000000000e+00
5.559999999999999387e-01 0.000000000000000000e+00
5.559999999999999387e-01 0.000000000000000000e+00
5.580000000000000515e-01 0.000000000000000000e+00
5.579999999999998295e-01 0.000000000000000000e+00
5.599999999999998312e-01 0.000000000000000000e+00
5.599999999999998312e-01 0.000000000000000000e+00
5.619999999999999440e-01 0.000000000000000000e+00
5.619999999999999440e-01 0.000000000000000000e+00
5.639999999999999458e-01 0.000000000000000000e+00
5.639999999999999458e-01 0.000000000000000000e+00
5.659999999999999476e-01 0.000000000000000000e+00
5.659999999999999476e-01 0.000000000000000000e+00
5.680000000000000604e-01 0.000000000000000000e+00
5.679999999999998384e-01 0.000000000000000000e+00
5.699999999999998401e-01 0.000000000000000000e+00
5.699999999999998401e-01 0.000000000000000000e+00
5.719999999999999529e-01 0.000000000000000000e+00
5.719999999999999529e-01 0.000000000000000000e+00
5.739999999999999547e-01 0.000000000000000000e+00
5.739999999999999547e-01 0.000000000000000000e+00
5.760000000000000675e-01 0.000000000000000000e+00
5.759999999999998455e-01 0.000000000000000000e+00
5.779999999999998472e-01 0.000000000000000000e+00
5.779999999999998472e-01 0.000000000000000000e+00
5.799999999999998490e-01 0.000000000000000000e+00
5.799999999999998490e-01 0.000000000000000000e+00
5.819999999999999618e-01 0.000000000000000000e+00
5.819999999999999618e-01 0.000000000000000000e+00
5.839999999999999636e-01 0.000000000000000000e+00
5.839999999999999636e-01 0.000000000000000000e+00
5.860000000000000764e-01 0.000000000000000000e+00
5.859999999999998543e-01 0.000000000000000000e+00
5.879999999999998561e-01 0.000000000000000000e+00
5.879999999999998561e-01 0.000000000000000000e+00
5.899999999999999689e-01 0.000000000000000000e+00
5.899999999999999689e-01 0.000000000000000000e+00
5.919999999999999707e-01 0.000000000000000000e+00
5.919999999999999707e-01 0.000000000000000000e+00
5.939999999999999725e-01 0.000000000000000000e+00
5.939999999999997504e-01 0.000000000000000000e+00
5.959999999999998632e-01 0.000000000000000000e+00
5.959999999999998632e-01 0.000000000000000000e+00
5.979999999999998650e-01 0.000000000000000000e+00
5.979999999999998650e-01 0.000000000000000000e+00
5.999999999999999778e-01 0.000000000000000000e+00
5.999999999999999778e-01 0.000000000000000000e+00
6.019999999999999796e-01 0.000000000000000000e+00
6.019999999999999796e-01 0.000000000000000000e+00
6.040000000000000924e-01 0.000000000000000000e+00
6.039999999999998703e-01 0.000000000000000000e+00
6.059999999999998721e-01 0.000000000000000000e+00
6.059999999999998721e-01 0.000000000000000000e+00
6.079999999999998739e-01 0.000000000000000000e+00
6.079999999999998739e-01 0.000000000000000000e+00
6.099999999999999867e-01 0.000000000000000000e+00
6.099999999999999867e-01 0.000000000000000000e+00
6.119999999999999885e-01 0.000000000000000000e+00
6.119999999999997664e-01 0.000000000000000000e+00
6.139999999999998792e-01 0.000000000000000000e+00
6.139999999999998792e-01 0.000000000000000000e+00
6.159999999999998810e-01 0.000000000000000000e+00
6.159999999999998810e-01 0.000000000000000000e+00
6.179999999999999938e-01 0.000000000000000000e+00
6.179999999999999938e-01 0.000000000000000000e+00
6.199999999999999956e-01 0.000000000000000000e+00
6.199999999999999956e-01 0.000000000000000000e+00
6.219999999999999973e-01 0.000000000000000000e+00
6.219999999999998863e-01 0.000000000000000000e+00
6.239999999999998881e-01 0.000000000000000000e+00
6.239999999999998881e-01 0.000000000000000000e+00
6.259999999999998899e-01 0.000000000000000000e+00
6.259999999999998899e-01 0.000000000000000000e+00
6.280000000000000027e-01 0.000000000000000000e+00
6.280000000000000027e-01 0.000000000000000000e+00
6.300000000000000044e-01 0.000000000000000000e+00
6.299999999999997824e-01 0.000000000000000000e+00
6.319999999999998952e-01 0.000000000000000000e+00
6.319999999999998952e-01 0.000000000000000000e+00
6.339999999999998970e-01 0.000000000000000000e+00
6.339999999999998970e-01 0.000000000000000000e+00
6.360000000000000098e-01 0.000000000000000000e+00
6.360000000000000098e-01 0.000000000000000000e+00
6.380000000000000115e-01 0.000000000000000000e+00
6.380000000000000115e-01 0.000000000000000000e+00
6.400000000000000133e-01 0.000000000000000000e+00
6.399999999999997913e-01 0.000000000000000000e+00
6.419999999999999041e-01 0.000000000000000000e+00
6.419999999999999041e-01 0.000000000000000000e+00
6.439999999999999059e-01 0.000000000000000000e+00
6.439999999999999059e-01 0.000000000000000000e+00
6.460000000000000187e-01 0.000000000000000000e+00
6.460000000000000187e-01 0.000000000000000000e+00
6.480000000000000204e-01 0.000000000000000000e+00
6.479999999999997984e-01 0.000000000000000000e+00
6.499999999999999112e-01 0.000000000000000000e+00
6.499999999999999112e-01 0.000000000000000000e+00
6.519999999999999130e-01 0.000000000000000000e+00
6.519999999999999130e-01 0.000000000000000000e+00
6.539999999999999147e-01 0.000000000000000000e+00
6.539999999999999147e-01 0.000000000000000000e+00
6.560000000000000275e-01 0.000000000000000000e+00
6.559999999999998055e-01 0.000000000000000000e+00
6.579999999999998073e-01 0.000000000000000000e+00
6.579999999999998073e-01 0.000000000000000000e+00
6.599999999999999201e-01 0.000000000000000000e+00
6.599999999999999201e-01 0.000000000000000000e+00
6.619999999999999218e-01 0.000000000000000000e+00
6.619999999999999218e-01 0.000000000000000000e+00
6.640000000000000346e-01 0.000000000000000000e+00
6.640000000000000346e-01 0.000000000000000000e+00
6.660000000000000364e-01 0.000000000000000000e+00
6.659999999999998144e-01 0.000000000000000000e+00
6.679999999999998161e-01 0.000000000000000000e+00
6.679999999999998161e-01 0.000000000000000000e+00
6.699999999999999289e-01 0.000000000000000000e+00
6.699999999999999289e-01 0.000000000000000000e+00
6.719999999999999307e-01 0.000000000000000000e+00
6.719999999999999307e-01 0.000000000000000000e+00
6.740000000000000435e-01 0.000000000000000000e+00
6.739999999999998215e-01 0.000000000000000000e+00
6.759999999999998233e-01 0.000000000000000000e+00
6.759999999999998233e-01 0.000000000000000000e+00
6.779999999999999361e-01 0.000000000000000000e+00
6.779999999999999361e-01 0.000000000000000000e+00
6.799999999999999378e-01 0.000000000000000000e+00
6.799999999999999378e-01 0.000000000000000000e+00
6.819999999999999396e-01 0.000000000000000000e+00
6.819999999999999396e-01 0.000000000000000000e+00
6.840000000000000524e-01 0.000000000000000000e+00
6.839999999999998304e-01 0.000000000000000000e+00
6.859999999999998321e-01 0.000000000000000000e+00
6.859999999999998321e-01 0.000000000000000000e+00
6.879999999999999449e-01 0.000000000000000000e+00
6.879999999999999449e-01 0.000000000000000000e+00
6.899999999999999467e-01 0.000000000000000000e+00
6.899999999999999467e-01 0.000000000000000000e+00
6.920000000000000595e-01 0.000000000000000000e+00
6.919999999999998375e-01 0.000000000000000000e+00
6.939999999999998392e-01 0.000000000000000000e+00
6.939999999999998392e-01 0.000000000000000000e+00
6.959999999999998410e-01 0.000000000000000000e+00
6.959999999999998410e-01 0.000000000000000000e+00
6.979999999999999538e-01 0.000000000000000000e+00
6.979999999999999538e-01 0.000000000000000000e+00
6.999999999999999556e-01 0.000000000000000000e+00
6.999999999999999556e-01 0.000000000000000000e+00
7.020000000000000684e-01 0.000000000000000000e+00
7.019999999999998463e-01 0.000000000000000000e+00
7.039999999999998481e-01 0.000000000000000000e+00
7.039999999999998481e-01 0.000000000000000000e+00
7.059999999999999609e-01 0.000000000000000000e+00
7.059999999999999609e-01 0.000000000000000000e+00
7.079999999999999627e-01 0.000000000000000000e+00
7.079999999999999627e-01 0.000000000000000000e+00
7.099999999999999645e-01 0.000000000000000000e+00
7.099999999999998535e-01 0.000000000000000000e+00
7.119999999999998552e-01 0.000000000000000000e+00
7.119999999999998552e-01 0.000000000000000000e+00
7.139999999999998570e-01 0.000000000000000000e+00
7.139999999999998570e-01 0.000000000000000000e+00
7.159999999999999698e-01 0.000000000000000000e+00
7.159999999999999698e-01 0.000000000000000000e+00
7.179999999999999716e-01 0.000000000000000000e+00
7.179999999999999716e-01 0.000000000000000000e+00
7.200000000000000844e-01 0.000000000000000000e+00
7.199999999999998623e-01 0.000000000000000000e+00
7.219999999999998641e-01 0.000000000000000000e+00
7.219999999999998641e-01 0.000000000000000000e+00
7.239999999999999769e-01 0.000000000000000000e+00
7.239999999999999769e-01 0.000000000000000000e+00
7.259999999999999787e-01 0.000000000000000000e+00
7.259999999999999787e-01 0.000000000000000000e+00
7.279999999999999805e-01 0.000000000000000000e+00
7.279999999999997584e-01 0.000000000000000000e+00
7.299999999999998712e-01 0.000000000000000000e+00
7.299999999999998712e-01 0.000000000000000000e+00
7.319999999999998730e-01 0.000000000000000000e+00
7.319999999999998730e-01 0.000000000000000000e+00
7.339999999999999858e-01 0.000000000000000000e+00
7.339999999999999858e-01 0.000000000000000000e+00
7.359999999999999876e-01 0.000000000000000000e+00
7.359999999999999876e-01 0.000000000000000000e+00
7.380000000000001004e-01 0.000000000000000000e+00
7.379999999999998783e-01 0.000000000000000000e+00
7.399999999999998801e-01 0.000000000000000000e+00
7.399999999999998801e-01 0.000000000000000000e+00
7.419999999999998819e-01 0.000000000000000000e+00
7.419999999999998819e-01 0.000000000000000000e+00
7.439999999999999947e-01 0.000000000000000000e+00
7.439999999999999947e-01 0.000000000000000000e+00
7.459999999999999964e-01 0.000000000000000000e+00
7.459999999999997744e-01 0.000000000000000000e+00
7.479999999999998872e-01 0.000000000000000000e+00
7.479999999999998872e-01 0.000000000000000000e+00
7.499999999999998890e-01 0.000000000000000000e+00
7.499999999999998890e-01 0.000000000000000000e+00
7.520000000000000018e-01 0.000000000000000000e+00
7.520000000000000018e-01 0.000000000000000000e+00
7.540000000000000036e-01 0.000000000000000000e+00
7.539999999999997815e-01 0.000000000000000000e+00
7.559999999999997833e-01 0.000000000000000000e+00
7.559999999999997833e-01 0.000000000000000000e+00
7.579999999999998961e-01 0.000000000000000000e+00
7.579999999999998961e-01 0.000000000000000000e+00
7.599999999999998979e-01 0.000000000000000000e+00
7.599999999999998979e-01 0.000000000000000000e+00
7.620000000000000107e-01 0.000000000000000000e+00
7.620000000000000107e-01 0.000000000000000000e+00
7.640000000000000124e-01 0.000000000000000000e+00
7.639999999999997904e-01 0.000000000000000000e+00
7.659999999999999032e-01 0.000000000000000000e+00
7.659999999999999032e-01 0.000000000000000000e+00
7.679999999999999050e-01 0.000000000000000000e+00
7.679999999999999050e-01 0.000000000000000000e+00
7.699999999999999067e-01 0.000000000000000000e+00
7.699999999999999067e-01 0.000000000000000000e+00
7.720000000000000195e-01 0.000000000000000000e+00
7.719999999999997975e-01 0.000000000000000000e+00
7.739999999999997993e-01 0.000000000000000000e+00
7.739999999999997993e-01 0.000000000000000000e+00
7.759999999999999121e-01 0.000000000000000000e+00
7.759999999999999121e-01 0.000000000000000000e+00
7.779999999999999138e-01 0.000000000000000000e+00
7.779999999999999138e-01 0.000000000000000000e+00
7.800000000000000266e-01 0.000000000000000000e+00
7.800000000000000266e-01 0.000000000000000000e+00
7.820000000000000284e-01 0.000000000000000000e+00
7.819999999999998064e-01 0.000000000000000000e+00
7.839999999999999192e-01 0.000000000000000000e+00
7.839999999999999192e-01 0.000000000000000000e+00
7.859999999999999210e-01 0.000000000000000000e+00
7.859999999999999210e-01 0.000000000000000000e+00
7.879999999999999227e-01 0.000000000000000000e+00
7.879999999999999227e-01 0.000000000000000000e+00
7.900000000000000355e-01 0.000000000000000000e+00
7.899999999999998135e-01 0.000000000000000000e+00
7.919999999999998153e-01 0.000000000000000000e+00
7.919999999999998153e-01 0.000000000000000000e+00
7.939999999999999281e-01 0.000000000000000000e+00
7.939999999999999281e-01 0.000000000000000000e+00
7.959999999999999298e-01 0.000000000000000000e+00
7.959999999999999298e-01 0.000000000000000000e+00
7.980000000000000426e-01 0.000000000000000000e+00
7.980000000000000426e-01 0.000000000000000000e+00
8.000000000000000444e-01 0.000000000000000000e+00
