           1
   0.0000000000000000        0.0000000000000000        0.0000000000000000
   0.0000000000000000        10000.000000000000        0.0000000000000000
  -0.0000000000000000        10000.000000000000        0.0000000000000000
   1.0000000000000000        0.0000000000000000        0.0000000000000000
  -0.0000000000000000        6.1232339957367660E-017   1.0000000000000000
  -0.0000000000000000       -1.0000000000000000        1.2246467991473532E-016
  -0.0000000000000000        1.0000000000000000        0.0000000000000000
  -0.0000000000000000        6.1232339957367660E-017   1.0000000000000000
           2
  -0.0000000000000000        10000.000000000000        0.0000000000000000
  -0.0000000000000000        20000.000000000000        0.0000000000000000
  -0.0000000000000000        20000.000000000000        0.0000000000000000
   1.0000000000000000        0.0000000000000000        0.0000000000000000
  -0.0000000000000000        1.2246467991473532E-016   1.0000000000000000
   0.0000000000000000       -1.0000000000000000        1.2246467991473532E-016
  -0.0000000000000000        1.0000000000000000        0.0000000000000000
  -0.0000000000000000        1.2246467991473532E-016   1.0000000000000000
           3
  -0.0000000000000000        20000.000000000000        0.0000000000000000
  -0.0000000000000000        30000.000000000000        0.0000000000000000
  -0.0000000000000000        30000.000000000000        0.0000000000000000
   1.0000000000000000        0.0000000000000000        0.0000000000000000
  -0.0000000000000000        1.8369701987210297E-016   1.0000000000000000
   0.0000000000000000       -1.0000000000000000        1.2246467991473532E-016
  -0.0000000000000000        1.0000000000000000        0.0000000000000000
  -0.0000000000000000        1.8369701987210297E-016   1.0000000000000000
           4
  -0.0000000000000000        30000.000000000000        0.0000000000000000
  -0.0000000000000000        40000.000000000000        0.0000000000000000
  -0.0000000000000000        40000.000000000000        0.0000000000000000
   1.0000000000000000        0.0000000000000000        0.0000000000000000
  -0.0000000000000000        2.4492935982947064E-016   1.0000000000000000
   0.0000000000000000       -1.0000000000000000        1.2246467991473532E-016
  -0.0000000000000000        1.0000000000000000        0.0000000000000000
  -0.0000000000000000        2.4492935982947064E-016   1.0000000000000000
           5
  -0.0000000000000000        40000.000000000000        0.0000000000000000     
  -0.0000000000000000        140000.00000000000        0.0000000000000000     
  -0.0000000000000000        140000.00000000000        0.0000000000000000     
   1.0000000000000000        0.0000000000000000        0.0000000000000000     
  -0.0000000000000000        3.0616169978683831E-016   1.0000000000000000     
   0.0000000000000000       -1.0000000000000000        1.2246467991473532E-016
  -0.0000000000000000        1.0000000000000000        0.0000000000000000     
  -0.0000000000000000        3.0616169978683831E-016   1.0000000000000000     
