           1
   0.0000000000000000        0.0000000000000000        0.0000000000000000
   0.0000000000000000        42200.000000000000        0.0000000000000000
  -0.0000000000000000        42200.000000000000        0.0000000000000000
   1.0000000000000000        0.0000000000000000        0.0000000000000000
  -0.0000000000000000        6.1232339957367660E-017   1.0000000000000000
  -0.0000000000000000       -1.0000000000000000        1.2246467991473532E-016
  -0.0000000000000000        1.0000000000000000        0.0000000000000000
  -0.0000000000000000        6.1232339957367660E-017   1.0000000000000000
           2
  -655.89894689152788        304796.85181789176       -605.47988813878226     
  -655.89894689152788        304796.85181789176       -605.47988813878226     
  -655.89894689152788        304796.85181789176       -605.47988813878226     
 -0.99998752874531138       -4.9919940193519736E-003  -1.4949767653055091E-004
   1.7441395589392326E-004  -4.9911855922737851E-003 -0.99998752874531138     
   4.9911855922738528E-003 -0.99997508372063626        4.9919940193517290E-003
  -4.9911855922738528E-003  0.99997508372063626       -4.9919940193518513E-003
   1.7441395589392326E-004  -4.9911855922737851E-003 -0.99998752874531138     
