           1
   0.0000000000000000        0.0000000000000000        0.0000000000000000
   0.0000000000000000        42200.000000000000        0.0000000000000000
  -0.0000000000000000        42200.000000000000        0.0000000000000000
   1.0000000000000000        0.0000000000000000        0.0000000000000000
  -0.0000000000000000        6.1232339957367660E-017   1.0000000000000000
  -0.0000000000000000       -1.0000000000000000        1.2246467991473532E-016
  -0.0000000000000000        1.0000000000000000        0.0000000000000000
  -0.0000000000000000        6.1232339957367660E-017   1.0000000000000000
           2
  -50.913905417847722        62599.745853964363       -50.914521066086174
  -50.913905417847722        62599.745853964363       -50.914521066086174
  -50.913905417847722        62599.745853964363       -50.914521066086174
  0.99999999968958753        6.2185923780942060E-008   2.4916279525548277E-005
  -2.4916279521681094E-005  -6.2187473181752394E-008  0.99999999968958753
   6.2187473302969003E-008 -0.99999999999999611       -6.2185923719287750E-008
  -6.2187473302972060E-008  0.99999999999999611        6.2185923841752435E-008
  -2.4916279521681094E-005  -6.2187473181752394E-008  0.99999999968958753
           3
  -51.413695604265740        72699.744608111549       -50.913905425595090
  -101.33052677276496        82699.620022833755       -50.914527300328125
  -51.413695604265740        72699.744608111549       -50.913905425595090
  -2.4916279521619860E-005  -6.2187473181752394E-008  0.99999999968958753
 -0.99998754116180866       -4.9916831168497384E-003  -2.4916279521619860E-005
   4.9916831168497992E-003 -0.99998754147222102        6.2187473303530678E-008
  -4.9916831168499215E-003  0.99998754147222102       -6.2187473303533735E-008
 -0.99998754116180866       -4.9916831168497384E-003  -2.4916279521619860E-005
           4
  -51.413695604265740        72699.744608111549       -50.913905425595090     
  -101.33052677276496        82699.620022833755       -50.914527300328125     
  -101.82967642844038        82799.617531205804       -51.413695612013115     
 -0.99998754116180866       -4.9916831168497384E-003  -2.4916279521558626E-005
  -4.9916053834525029E-003  0.99998442710704061       -2.4958804257289345E-003
   3.7374535685791703E-005  -2.4957249577236299E-003 -0.99999688497518802     
  -4.9914965567542267E-003  0.99997508372048183       -4.9916831168499223E-003
   4.9832559039617759E-005  -4.9914965567542874E-003 -0.99998754116180866     
