           1
   0.0000000000000000        0.0000000000000000        0.0000000000000000
   0.0000000000000000        42200.000000000000        0.0000000000000000
  -0.0000000000000000        42200.000000000000        0.0000000000000000
   1.0000000000000000        0.0000000000000000        0.0000000000000000
  -0.0000000000000000        6.1232339957367660E-017   1.0000000000000000
  -0.0000000000000000       -1.0000000000000000        1.2246467991473532E-016
  -0.0000000000000000        1.0000000000000000        0.0000000000000000
  -0.0000000000000000        6.1232339957367660E-017   1.0000000000000000
           2
  -655.89894689152788        304796.85181789176       -605.47988813878226
  -655.89894689152788        304796.85181789176       -605.47988813878226
  -655.89894689152788        304796.85181789176       -605.47988813878226
 -0.99998752874531138       -4.9919940193519736E-003  -1.4949767653055091E-004
   1.7441395589392326E-004  -4.9911855922737851E-003 -0.99998752874531138
   4.9911855922738528E-003 -0.99997508372063626        4.9919940193517290E-003
  -4.9911855922738528E-003  0.99997508372063626       -4.9919940193518513E-003
   1.7441395589392326E-004  -4.9911855922737851E-003 -0.99998752874531138
           3
  -806.64086769502023        355296.09809911106       -756.72968349212113     
  -806.63589325499447        365295.97354177036       -806.64091743942106     
  -806.63594300931129        365395.97354177036       -806.64086769502080     
  0.99999998013360458        4.9744400276831251E-007   1.9933023501329426E-004
  -4.9582912215025716E-011  0.99999688668233755       -2.4953207471878785E-003
  -1.9933085571729388E-004   2.4953206976049570E-003  0.99999686681600430     
  -4.9754316809714568E-007  0.99999999999975220        4.9744400257810417E-007
  -1.9933023476579502E-004  -4.9754316810285415E-007  0.99999998013360458     
