   2.53386537927e+08    2.78725191719e+09    5.06773075853e+06    6.20000000000e+00 
501 
1.776585e-04 
1.711505e-04 
1.649597e-04 
1.590756e-04 
1.534778e-04 
1.481483e-04 
1.430746e-04 
1.382432e-04 
1.336423e-04 
1.292568e-04 
1.250748e-04 
1.210834e-04 
1.172703e-04 
1.136281e-04 
1.101465e-04 
1.068156e-04 
1.036282e-04 
1.005766e-04 
9.765380e-05 
9.485313e-05 
9.216847e-05 
8.959338e-05 
8.712184e-05 
8.474891e-05 
8.246974e-05 
8.028022e-05 
7.817494e-05 
7.614893e-05 
7.419900e-05 
7.232162e-05 
7.051361e-05 
6.877132e-05 
6.709133e-05 
6.547102e-05 
6.390770e-05 
6.239889e-05 
6.094202e-05 
5.953503e-05 
5.817555e-05 
5.686119e-05 
5.559064e-05 
5.436143e-05 
5.317216e-05 
5.202122e-05 
5.090662e-05 
4.982717e-05 
4.878108e-05 
4.776728e-05 
4.678449e-05 
4.583121e-05 
4.490651e-05 
4.400908e-05 
4.313801e-05 
4.229231e-05 
4.147084e-05 
4.067281e-05 
3.989741e-05 
3.914374e-05 
3.841102e-05 
3.769847e-05 
3.700535e-05 
3.633096e-05 
3.567465e-05 
3.503584e-05 
3.441390e-05 
3.380818e-05 
3.321815e-05 
3.264326e-05 
3.208301e-05 
3.153692e-05 
3.100450e-05 
3.048530e-05 
2.997889e-05 
2.948486e-05 
2.900282e-05 
2.853240e-05 
2.807321e-05 
2.762487e-05 
2.718706e-05 
2.675949e-05 
2.634182e-05 
2.593373e-05 
2.553493e-05 
2.514516e-05 
2.476415e-05 
2.439164e-05 
2.402736e-05 
2.367108e-05 
2.332257e-05 
2.298160e-05 
2.264796e-05 
2.232144e-05 
2.200181e-05 
2.168890e-05 
2.138253e-05 
2.108253e-05 
2.078870e-05 
2.050086e-05 
2.021887e-05 
1.994258e-05 
1.967184e-05 
1.940646e-05 
1.914631e-05 
1.889125e-05 
1.864116e-05 
1.839591e-05 
1.815536e-05 
1.791940e-05 
1.768792e-05 
1.746080e-05 
1.723792e-05 
1.701919e-05 
1.680449e-05 
1.659374e-05 
1.638683e-05 
1.618367e-05 
1.598414e-05 
1.578819e-05 
1.559572e-05 
1.540665e-05 
1.522088e-05 
1.503829e-05 
1.485882e-05 
1.468247e-05 
1.450922e-05 
1.433886e-05 
1.417127e-05 
1.400656e-05 
1.384463e-05 
1.368533e-05 
1.352861e-05 
1.337443e-05 
1.322274e-05 
1.307348e-05 
1.292659e-05 
1.278202e-05 
1.263971e-05 
1.249961e-05 
1.236166e-05 
1.222583e-05 
1.209205e-05 
1.196028e-05 
1.183048e-05 
1.170259e-05 
1.157656e-05 
1.145236e-05 
1.132994e-05 
1.120926e-05 
1.109027e-05 
1.097293e-05 
1.085719e-05 
1.074302e-05 
1.063035e-05 
1.051915e-05 
1.040938e-05 
1.030098e-05 
1.019393e-05 
1.008816e-05 
9.983633e-06 
9.880297e-06 
9.778106e-06 
9.676997e-06 
9.576916e-06 
9.477799e-06 
9.379579e-06 
9.282169e-06 
9.185495e-06 
9.089451e-06 
8.993931e-06 
8.898794e-06 
8.803884e-06 
8.708996e-06 
8.613885e-06 
8.518219e-06 
8.421564e-06 
8.323305e-06 
8.222543e-06 
8.117875e-06 
8.006911e-06 
7.885102e-06 
7.741828e-06 
7.540483e-06 
7.140452e-06 
7.465621e-06 
7.518289e-06 
7.525971e-06 
7.513954e-06 
7.491554e-06 
7.462477e-06 
7.428453e-06 
7.390777e-06 
7.350435e-06 
7.308231e-06 
7.264713e-06 
7.220328e-06 
7.175310e-06 
7.129903e-06 
7.084222e-06 
7.038469e-06 
6.992581e-06 
6.946537e-06 
6.900449e-06 
6.854350e-06 
6.808358e-06 
6.762467e-06 
6.716687e-06 
6.671050e-06 
6.625580e-06 
6.580307e-06 
6.535245e-06 
6.490389e-06 
6.445793e-06 
6.401539e-06 
6.357596e-06 
6.313965e-06 
6.270637e-06 
6.227636e-06 
6.184966e-06 
6.142646e-06 
6.100655e-06 
6.058991e-06 
6.017668e-06 
5.976698e-06 
5.936072e-06 
5.895791e-06 
5.855853e-06 
5.816256e-06 
5.776999e-06 
5.738079e-06 
5.699499e-06 
5.661264e-06 
5.623372e-06 
5.585819e-06 
5.548601e-06 
5.511725e-06 
5.475201e-06 
5.438994e-06 
5.403091e-06 
5.367501e-06 
5.332225e-06 
5.297263e-06 
5.262612e-06 
5.228272e-06 
5.194244e-06 
5.160523e-06 
5.127095e-06 
5.093960e-06 
5.061122e-06 
5.028578e-06 
4.996325e-06 
4.964370e-06 
4.932698e-06 
4.901297e-06 
4.870172e-06 
4.839321e-06 
4.808742e-06 
4.778434e-06 
4.748393e-06 
4.718617e-06 
4.689105e-06 
4.659854e-06 
4.630860e-06 
4.602123e-06 
4.573640e-06 
4.545411e-06 
4.517434e-06 
4.489703e-06 
4.462206e-06 
4.434946e-06 
4.407923e-06 
4.381132e-06 
4.354574e-06 
4.328244e-06 
4.302142e-06 
4.276265e-06 
4.250610e-06 
4.225176e-06 
4.199960e-06 
4.174958e-06 
4.150168e-06 
4.125588e-06 
4.101219e-06 
4.077059e-06 
4.053108e-06 
4.029363e-06 
4.005820e-06 
3.982476e-06 
3.959330e-06 
3.936381e-06 
3.913629e-06 
3.891070e-06 
3.868701e-06 
3.846515e-06 
3.824513e-06 
3.802694e-06 
3.781057e-06 
3.759600e-06 
3.738320e-06 
3.717216e-06 
3.696290e-06 
3.675542e-06 
3.654963e-06 
3.634545e-06 
3.614290e-06 
3.594198e-06 
3.574268e-06 
3.554498e-06 
3.534888e-06 
3.515434e-06 
3.496137e-06 
3.476994e-06 
3.458004e-06 
3.439165e-06 
3.420477e-06 
3.401939e-06 
3.383548e-06 
3.365301e-06 
3.347198e-06 
3.329237e-06 
3.311416e-06 
3.293733e-06 
3.276189e-06 
3.258782e-06 
3.241509e-06 
3.224371e-06 
3.207365e-06 
3.190490e-06 
3.173746e-06 
3.157129e-06 
3.140640e-06 
3.124276e-06 
3.108038e-06 
3.091925e-06 
3.075935e-06 
3.060066e-06 
3.044319e-06 
3.028691e-06 
3.013181e-06 
2.997788e-06 
2.982512e-06 
2.967350e-06 
2.952302e-06 
2.937366e-06 
2.922541e-06 
2.907827e-06 
2.893222e-06 
2.878726e-06 
2.864337e-06 
2.850054e-06 
2.835876e-06 
2.821802e-06 
2.807832e-06 
2.793963e-06 
2.780196e-06 
2.766529e-06 
2.752961e-06 
2.739491e-06 
2.726119e-06 
2.712843e-06 
2.699663e-06 
2.686578e-06 
2.673587e-06 
2.660688e-06 
2.647881e-06 
2.635166e-06 
2.622541e-06 
2.610006e-06 
2.597560e-06 
2.585202e-06 
2.572930e-06 
2.560746e-06 
2.548647e-06 
2.536633e-06 
2.524704e-06 
2.512857e-06 
2.501094e-06 
2.489412e-06 
2.477812e-06 
2.466291e-06 
2.454850e-06 
2.443488e-06 
2.432203e-06 
2.420995e-06 
2.409863e-06 
2.398808e-06 
2.387827e-06 
2.376920e-06 
2.366087e-06 
2.355327e-06 
2.344639e-06 
2.334023e-06 
2.323478e-06 
2.313004e-06 
2.302599e-06 
2.292265e-06 
2.281999e-06 
2.271803e-06 
2.261674e-06 
2.251612e-06 
2.241616e-06 
2.231687e-06 
2.221822e-06 
2.212022e-06 
2.202286e-06 
2.192613e-06 
2.183002e-06 
2.173454e-06 
2.163967e-06 
2.154542e-06 
2.145177e-06 
2.135873e-06 
2.126629e-06 
2.117443e-06 
2.108317e-06 
2.099249e-06 
2.090239e-06 
2.081287e-06 
2.072392e-06 
2.063552e-06 
2.054769e-06 
2.046040e-06 
2.037366e-06 
2.028746e-06 
2.020180e-06 
2.011669e-06 
2.003211e-06 
1.994807e-06 
1.986457e-06 
1.978158e-06 
1.969911e-06 
1.961714e-06 
1.953566e-06 
1.945469e-06 
1.937421e-06 
1.929423e-06 
1.921474e-06 
1.913575e-06 
1.905725e-06 
1.897923e-06 
1.890168e-06 
1.882460e-06 
1.874798e-06 
1.867182e-06 
1.859611e-06 
1.852087e-06 
1.844608e-06 
1.837174e-06 
1.829786e-06 
1.822442e-06 
1.815142e-06 
1.807885e-06 
1.800672e-06 
1.793501e-06 
1.786372e-06 
1.779285e-06 
1.772241e-06 
1.765237e-06 
1.758275e-06 
1.751353e-06 
1.744472e-06 
1.737632e-06 
1.730831e-06 
1.724070e-06 
1.717348e-06 
1.710666e-06 
1.704022e-06 
1.697417e-06 
1.690850e-06 
1.684320e-06 
1.677829e-06 
1.671374e-06 
1.664957e-06 
1.658576e-06 
1.652232e-06 
1.645924e-06 
1.639652e-06 
1.633416e-06 
1.627215e-06 
1.621049e-06 
1.614918e-06 
1.608821e-06 
1.602759e-06 
1.596731e-06 
1.590737e-06 
1.584776e-06 
1.578848e-06 
1.572954e-06 
1.567092e-06 
1.561263e-06 
1.555466e-06 
1.549700e-06 
1.543967e-06 
1.538265e-06 
1.532594e-06 
1.526955e-06 
1.521346e-06 
1.515768e-06 
1.510221e-06 
1.504704e-06 
1.499217e-06 
1.493761e-06 
3.223066e-05 
3.001253e-05 
2.798602e-05 
2.613134e-05 
2.443107e-05 
2.286984e-05 
2.143404e-05 
2.011162e-05 
1.889185e-05 
1.776520e-05 
1.672314e-05 
1.574348e-05 
1.483590e-05 
1.399405e-05 
1.321222e-05 
1.248531e-05 
1.180868e-05 
1.117818e-05 
1.059003e-05 
1.004083e-05 
9.527484e-06 
9.047189e-06 
8.597393e-06 
8.175774e-06 
7.780212e-06 
7.408777e-06 
7.059703e-06 
6.731373e-06 
6.422308e-06 
6.131150e-06 
5.856653e-06 
5.594453e-06 
5.347038e-06 
5.113407e-06 
4.892640e-06 
4.683887e-06 
4.486362e-06 
4.299340e-06 
4.122152e-06 
3.954175e-06 
3.794835e-06 
3.643598e-06 
3.499969e-06 
3.363488e-06 
3.233728e-06 
3.110290e-06 
2.992804e-06 
2.880926e-06 
2.774332e-06 
2.672724e-06 
2.575820e-06 
2.482230e-06 
2.392930e-06 
2.307683e-06 
2.226268e-06 
2.148479e-06 
2.074121e-06 
2.003012e-06 
1.934981e-06 
1.869869e-06 
1.807524e-06 
1.747805e-06 
1.690580e-06 
1.635722e-06 
1.583114e-06 
1.532646e-06 
1.484211e-06 
1.437712e-06 
1.393055e-06 
1.350153e-06 
1.308922e-06 
1.269284e-06 
1.231165e-06 
1.194495e-06 
1.159208e-06 
1.125240e-06 
1.092532e-06 
1.061028e-06 
1.030675e-06 
1.001421e-06 
9.732193e-07 
9.460235e-07 
9.197907e-07 
8.944796e-07 
8.700512e-07 
8.464684e-07 
8.236958e-07 
8.016999e-07 
7.804487e-07 
7.599119e-07 
7.400603e-07 
7.208664e-07 
7.023040e-07 
6.843479e-07 
6.669742e-07 
6.501602e-07 
6.338840e-07 
6.181249e-07 
6.028630e-07 
5.880795e-07 
5.737561e-07 
5.597329e-07 
5.461439e-07 
5.329730e-07 
5.202048e-07 
5.078243e-07 
4.958173e-07 
4.841704e-07 
4.728704e-07 
4.619049e-07 
4.512620e-07 
4.409302e-07 
4.308985e-07 
4.211565e-07 
4.116941e-07 
4.025015e-07 
3.935695e-07 
3.848892e-07 
3.764520e-07 
3.682497e-07 
3.602745e-07 
3.525187e-07 
3.449750e-07 
3.376365e-07 
3.304964e-07 
3.235482e-07 
3.167858e-07 
3.102031e-07 
3.037943e-07 
2.975539e-07 
2.914766e-07 
2.855573e-07 
2.797909e-07 
2.741727e-07 
2.686981e-07 
2.633626e-07 
2.581621e-07 
2.530923e-07 
2.481493e-07 
2.433293e-07 
2.386286e-07 
2.340436e-07 
2.295708e-07 
2.252070e-07 
2.209490e-07 
2.167936e-07 
2.127379e-07 
2.087789e-07 
2.049139e-07 
2.011402e-07 
1.974552e-07 
1.938318e-07 
1.902932e-07 
1.868369e-07 
1.834607e-07 
1.801623e-07 
1.769396e-07 
1.737904e-07 
1.707127e-07 
1.677046e-07 
1.647641e-07 
1.618895e-07 
1.590789e-07 
1.563306e-07 
1.536429e-07 
1.510143e-07 
1.484432e-07 
1.459279e-07 
1.434672e-07 
1.410595e-07 
1.387034e-07 
1.363977e-07 
1.341409e-07 
1.319320e-07 
1.297696e-07 
1.276525e-07 
1.255796e-07 
1.235498e-07 
1.215620e-07 
1.196152e-07 
1.177082e-07 
1.158402e-07 
1.140102e-07 
6.676921e-07 
6.576670e-07 
6.478343e-07 
6.381893e-07 
6.287276e-07 
6.194449e-07 
6.103369e-07 
6.013994e-07 
5.926285e-07 
5.840204e-07 
5.755712e-07 
5.672773e-07 
5.591351e-07 
5.511412e-07 
5.432922e-07 
5.355848e-07 
5.280159e-07 
5.205822e-07 
5.132809e-07 
5.061090e-07 
4.990636e-07 
4.921420e-07 
4.853414e-07 
4.786593e-07 
4.720930e-07 
4.656400e-07 
4.592980e-07 
4.530646e-07 
4.469374e-07 
4.409142e-07 
4.349928e-07 
4.291711e-07 
4.234469e-07 
4.178184e-07 
4.122834e-07 
4.068401e-07 
4.014866e-07 
3.962211e-07 
3.910417e-07 
3.859467e-07 
3.809344e-07 
3.760032e-07 
3.711515e-07 
3.663776e-07 
3.616800e-07 
3.570572e-07 
3.525078e-07 
3.480303e-07 
3.436232e-07 
3.392853e-07 
3.350152e-07 
3.308116e-07 
3.266733e-07 
3.225989e-07 
3.185872e-07 
3.146372e-07 
3.107475e-07 
3.069171e-07 
3.031449e-07 
2.994298e-07 
2.957706e-07 
2.921665e-07 
2.886163e-07 
2.851192e-07 
2.816740e-07 
2.782799e-07 
2.749359e-07 
2.716412e-07 
2.683940e-07 
2.651942e-07 
2.620413e-07 
2.589343e-07 
2.558724e-07 
2.528550e-07 
2.498813e-07 
2.469505e-07 
2.440619e-07 
2.412148e-07 
2.384086e-07 
2.356425e-07 
2.329159e-07 
2.302281e-07 
2.275785e-07 
2.249664e-07 
2.223913e-07 
2.198525e-07 
2.173495e-07 
2.148816e-07 
2.124483e-07 
2.100490e-07 
2.076831e-07 
2.053502e-07 
2.030496e-07 
2.007809e-07 
1.985436e-07 
1.963371e-07 
1.941610e-07 
1.920147e-07 
1.898978e-07 
1.878098e-07 
1.857502e-07 
1.837187e-07 
1.817147e-07 
1.797379e-07 
1.777877e-07 
1.758638e-07 
1.739658e-07 
1.720932e-07 
1.702457e-07 
1.684228e-07 
1.666242e-07 
1.648495e-07 
1.630984e-07 
1.613704e-07 
1.596652e-07 
1.579824e-07 
1.563218e-07 
1.546829e-07 
1.530655e-07 
1.514691e-07 
1.498936e-07 
1.483385e-07 
1.468036e-07 
1.452885e-07 
1.437929e-07 
1.423166e-07 
1.408593e-07 
1.394206e-07 
1.380004e-07 
1.365982e-07 
1.352139e-07 
1.338472e-07 
1.324978e-07 
1.311654e-07 
1.298499e-07 
1.285509e-07 
1.272682e-07 
1.260016e-07 
1.247508e-07 
1.235156e-07 
1.222958e-07 
1.210912e-07 
1.199015e-07 
1.187264e-07 
1.175659e-07 
1.164197e-07 
1.152875e-07 
1.141692e-07 
1.130646e-07 
1.119734e-07 
1.108955e-07 
1.098307e-07 
1.087789e-07 
1.077397e-07 
1.067131e-07 
1.056988e-07 
1.046967e-07 
1.037067e-07 
1.027284e-07 
1.017619e-07 
1.008068e-07 
9.986312e-08 
9.893060e-08 
9.800912e-08 
9.709851e-08 
9.619863e-08 
9.530932e-08 
9.443044e-08 
9.356219e-08 
9.270406e-08 
9.185592e-08 
9.101763e-08 
9.018903e-08 
8.937001e-08 
8.856042e-08 
8.776013e-08 
8.696902e-08 
8.618694e-08 
8.541379e-08 
8.464942e-08 
8.389373e-08 
8.314659e-08 
8.240788e-08 
8.167749e-08 
8.095530e-08 
8.024121e-08 
7.953509e-08 
7.883685e-08 
7.814637e-08 
7.746356e-08 
7.678830e-08 
7.612050e-08 
7.546005e-08 
7.480686e-08 
7.416082e-08 
7.352185e-08 
7.288985e-08 
7.226473e-08 
7.164640e-08 
7.103476e-08 
7.042973e-08 
6.983122e-08 
6.923914e-08 
6.865342e-08 
6.807397e-08 
6.750070e-08 
6.693354e-08 
6.637241e-08 
6.581723e-08 
6.526792e-08 
6.472441e-08 
6.418662e-08 
6.365449e-08 
6.312792e-08 
6.260687e-08 
6.209125e-08 
6.158100e-08 
6.107605e-08 
6.057634e-08 
6.008178e-08 
5.959234e-08 
5.910792e-08 
5.862849e-08 
5.815397e-08 
5.768429e-08 
5.721941e-08 
5.675926e-08 
5.630379e-08 
5.585293e-08 
5.540663e-08 
5.496483e-08 
5.452748e-08 
5.409452e-08 
5.366591e-08 
5.324158e-08 
5.282148e-08 
5.240557e-08 
5.199379e-08 
5.158609e-08 
5.118243e-08 
5.078275e-08 
5.038701e-08 
4.999516e-08 
4.960716e-08 
4.922295e-08 
4.884249e-08 
4.846575e-08 
4.809267e-08 
4.772321e-08 
4.735733e-08 
4.699498e-08 
4.663614e-08 
4.628074e-08 
4.592876e-08 
4.558015e-08 
4.523488e-08 
4.489291e-08 
4.455419e-08 
4.421869e-08 
4.388638e-08 
4.355721e-08 
4.323116e-08 
4.290817e-08 
4.258823e-08 
4.227129e-08 
4.195733e-08 
4.164630e-08 
4.133817e-08 
4.103284e-08 
4.073034e-08 
4.043066e-08 
4.013375e-08 
3.983958e-08 
3.954813e-08 
3.925937e-08 
3.897327e-08 
3.868979e-08 
3.840891e-08 
3.813059e-08 
3.785482e-08 
3.758157e-08 
3.731079e-08 
3.704248e-08 
3.677660e-08 
3.651313e-08 
3.625203e-08 
3.599329e-08 
3.573688e-08 
3.548276e-08 
3.523093e-08 
3.498135e-08 
3.473401e-08 
3.448886e-08 
3.424590e-08 
3.400510e-08 
3.376643e-08 
3.352988e-08 
3.329542e-08 
3.306303e-08 
3.283268e-08 
3.260436e-08 
3.237804e-08 
3.215370e-08 
3.193133e-08 
3.171090e-08 
3.149239e-08 
3.127578e-08 
3.106105e-08 
3.084818e-08 
3.063715e-08 
3.042795e-08 
3.022055e-08 
3.001493e-08 
2.981109e-08 
2.960899e-08 
2.940862e-08 
2.920996e-08 
2.901300e-08 
