           1
   0.0000000000000000        0.0000000000000000        0.0000000000000000
   0.0000000000000000        3000.0000000000000        0.0000000000000000
  -0.0000000000000000        3000.0000000000000        0.0000000000000000
   1.0000000000000000        0.0000000000000000        0.0000000000000000
  -0.0000000000000000       0.99999780664571569        2.0944459309819477E-003
  -0.0000000000000000       -2.0944459309818865E-003  0.99999780664571569
  -0.0000000000000000       0.99999122659248441        4.1888826742399838E-003
  -0.0000000000000000       -4.1888826742399222E-003  0.99999122659248441
           2
  -0.0000000000000000        3000.0000000000000        0.0000000000000000
  -0.0000000000000000        3499.9956132962420        2.0944413371199917
  -0.0000000000000000        3499.9956132962420        2.0944413371199917
   1.0000000000000000        0.0000000000000000        0.0000000000000000
  -0.0000000000000000       0.97941750420021834       0.20184487228120357
   0.0000000000000000      -0.20184487228120343       0.97941750420021834
  -0.0000000000000000       0.92016544033263359       0.39152977207033751
   0.0000000000000000      -0.39152977207033740       0.92016544033263370
           3
  -0.0000000000000000        3499.9956132962420        2.0944413371199917
  -0.0000000000000000        3499.9956132962420        2.0944413371199917
  -0.0000000000000000        3499.9956132962420        2.0944413371199917
  -1.0000000000000000       -4.7948568213683145E-017   1.1268776611893746E-016
  -2.4216219249888412E-017  0.97941750420021823       0.20184487228120354
  -1.2004654327326510E-016  0.20184487228120349      -0.97941750420021845
  -4.7476111710260008E-017  0.99999122659248429        4.1888826742399465E-003
  -1.1288762838988821E-016   4.1888826742400020E-003 -0.99999122659248452
           4
  -0.0000000000000000        3499.9956132962420        2.0944413371199917     
  -2.3738055855130003E-014   3999.9912265924841        4.1888826742399647     
  -4.6982971843322556E-014   4499.9736798544254        8.3777285977051932     
   1.0000000000000000        4.8461558389584329E-017  -2.3515137160112962E-016
  -4.6983074893851156E-017  0.99998025986917072        6.2833010420904629E-003
   2.3545122824262018E-016  -6.2833010420904559E-003  0.99998025986917094     
  -4.6489831976385098E-017  0.99996490652388281        8.3776918469304594E-003
   2.3554911532469644E-016  -8.3776918469304525E-003  0.99996490652388303     
