           1
   0.0000000000000000        0.0000000000000000        0.0000000000000000
   0.0000000000000000        3000.0000000000000        0.0000000000000000
  -0.0000000000000000        3000.0000000000000        0.0000000000000000
   1.0000000000000000        0.0000000000000000        0.0000000000000000
  -0.0000000000000000       0.99999780664571569        2.0944459309819477E-003
  -0.0000000000000000       -2.0944459309818865E-003  0.99999780664571569
  -0.0000000000000000       0.99999122659248441        4.1888826742399838E-003
  -0.0000000000000000       -4.1888826742399222E-003  0.99999122659248441
           2
  -0.0000000000000000        3000.0000000000000        0.0000000000000000
  -0.0000000000000000        3499.9956132962420        2.0944413371199917
  -0.0000000000000000        3499.9956132962420        2.0944413371199917
   1.0000000000000000        0.0000000000000000        0.0000000000000000
  -0.0000000000000000       0.97941750420021834       0.20184487228120357
   0.0000000000000000      -0.20184487228120343       0.97941750420021834
  -0.0000000000000000       0.92016544033263359       0.39152977207033751
   0.0000000000000000      -0.39152977207033740       0.92016544033263370
           3
  -0.0000000000000000        3499.9956132962420        2.0944413371199917     
  -0.0000000000000000        3499.9956132962420        2.0944413371199917     
  -0.0000000000000000        3499.9956132962420        2.0944413371199917     
  -1.0000000000000000       -4.7948568213683145E-017   1.1268776611893746E-016
  -2.4216219249888412E-017  0.97941750420021823       0.20184487228120354     
  -1.2004654327326510E-016  0.20184487228120349      -0.97941750420021845     
  -4.7476111710260008E-017  0.99999122659248429        4.1888826742399465E-003
  -1.1288762838988821E-016   4.1888826742400020E-003 -0.99999122659248452     
