           1
   0.0000000000000000        0.0000000000000000        0.0000000000000000
   0.0000000000000000        100.00000000000000        0.0000000000000000
  -0.0000000000000000        100.00000000000000        100.00000000000000
   1.0000000000000000        0.0000000000000000        0.0000000000000000
  -0.0000000000000000       0.70710678118654757       0.70710678118654746
  -0.0000000000000000      -0.70710678118654746       0.70710678118654757
  -0.0000000000000000        6.1232339957367660E-017   1.0000000000000000
  -0.0000000000000000       -1.0000000000000000        1.2246467991473532E-016
           2
  -0.0000000000000000        100.00000000000000        100.00000000000000     
  -0.0000000000000000        100.00000000000000        100.00000000000000     
   0.0000000000000000        100.00000000000000        100.00000000000000     
   1.0000000000000000        0.0000000000000000        0.0000000000000000     
  -0.0000000000000000       -1.0000000000000000        1.8369701987210297E-016
   0.0000000000000000       -1.8369701987210297E-016  -1.0000000000000000     
   0.0000000000000000      -0.99939082701909576       -3.4899496702500830E-002
   0.0000000000000000        3.4899496702500837E-002 -0.99939082701909576     
