-3.000000000000000000e+00 0.000000000000000000e+00
-2.987999999999999989e+00 0.000000000000000000e+00
-2.987999999999999989e+00 0.000000000000000000e+00
-2.976000000000000423e+00 0.000000000000000000e+00
-2.975999999999999979e+00 0.000000000000000000e+00
-2.963999999999999968e+00 0.000000000000000000e+00
-2.963999999999999968e+00 0.000000000000000000e+00
-2.952000000000000401e+00 0.000000000000000000e+00
-2.952000000000000401e+00 0.000000000000000000e+00
-2.940000000000000391e+00 0.000000000000000000e+00
-2.939999999999999947e+00 0.000000000000000000e+00
-2.927999999999999936e+00 0.000000000000000000e+00
-2.927999999999999936e+00 0.000000000000000000e+00
-2.916000000000000369e+00 0.000000000000000000e+00
-2.916000000000000369e+00 0.000000000000000000e+00
-2.904000000000000359e+00 0.000000000000000000e+00
-2.903999999999999915e+00 0.000000000000000000e+00
-2.891999999999999904e+00 0.000000000000000000e+00
-2.891999999999999904e+00 0.000000000000000000e+00
-2.880000000000000338e+00 0.000000000000000000e+00
-2.880000000000000338e+00 0.000000000000000000e+00
-2.868000000000000327e+00 0.000000000000000000e+00
-2.867999999999999883e+00 0.000000000000000000e+00
-2.855999999999999872e+00 0.000000000000000000e+00
-2.855999999999999872e+00 0.000000000000000000e+00
-2.844000000000000306e+00 0.000000000000000000e+00
-2.844000000000000306e+00 0.000000000000000000e+00
-2.832000000000000295e+00 0.000000000000000000e+00
-2.831999999999999851e+00 0.000000000000000000e+00
-2.819999999999999840e+00 0.000000000000000000e+00
-2.819999999999999840e+00 9.999999999999995559e-01
-2.808000000000000274e+00 9.999999999999995559e-01
-2.808000000000000274e+00 0.000000000000000000e+00
-2.796000000000000263e+00 0.000000000000000000e+00
-2.795999999999999819e+00 0.000000000000000000e+00
-2.783999999999999808e+00 0.000000000000000000e+00
-2.783999999999999808e+00 0.000000000000000000e+00
-2.772000000000000242e+00 0.000000000000000000e+00
-2.772000000000000242e+00 0.000000000000000000e+00
-2.760000000000000231e+00 0.000000000000000000e+00
-2.759999999999999787e+00 0.000000000000000000e+00
-2.748000000000000220e+00 0.000000000000000000e+00
-2.748000000000000220e+00 0.000000000000000000e+00
-2.736000000000000210e+00 0.000000000000000000e+00
-2.736000000000000210e+00 0.000000000000000000e+00
-2.724000000000000199e+00 0.000000000000000000e+00
-2.723999999999999755e+00 0.000000000000000000e+00
-2.712000000000000188e+00 0.000000000000000000e+00
-2.712000000000000188e+00 0.000000000000000000e+00
-2.700000000000000178e+00 0.000000000000000000e+00
-2.700000000000000178e+00 0.000000000000000000e+00
-2.688000000000000167e+00 0.000000000000000000e+00
-2.688000000000000167e+00 0.000000000000000000e+00
-2.676000000000000600e+00 0.000000000000000000e+00
-2.676000000000000156e+00 1.000000000000000666e+00
-2.664000000000000146e+00 1.000000000000000666e+00
-2.664000000000000146e+00 0.000000000000000000e+00
-2.652000000000000135e+00 0.000000000000000000e+00
-2.651999999999999691e+00 1.000000000000000222e+00
-2.640000000000000124e+00 1.000000000000000222e+00
-2.640000000000000124e+00 9.999999999999992228e-01
-2.628000000000000114e+00 9.999999999999992228e-01
-2.628000000000000114e+00 0.000000000000000000e+00
-2.616000000000000103e+00 0.000000000000000000e+00
-2.616000000000000103e+00 0.000000000000000000e+00
-2.604000000000000536e+00 0.000000000000000000e+00
-2.604000000000000092e+00 0.000000000000000000e+00
-2.592000000000000082e+00 0.000000000000000000e+00
-2.592000000000000082e+00 0.000000000000000000e+00
-2.580000000000000071e+00 0.000000000000000000e+00
-2.579999999999999627e+00 0.000000000000000000e+00
-2.568000000000000060e+00 0.000000000000000000e+00
-2.568000000000000060e+00 0.000000000000000000e+00
-2.556000000000000050e+00 0.000000000000000000e+00
-2.556000000000000050e+00 0.000000000000000000e+00
-2.544000000000000039e+00 0.000000000000000000e+00
-2.544000000000000039e+00 0.000000000000000000e+00
-2.532000000000000473e+00 0.000000000000000000e+00
-2.532000000000000028e+00 0.000000000000000000e+00
-2.520000000000000018e+00 0.000000000000000000e+00
-2.520000000000000018e+00 0.000000000000000000e+00
-2.508000000000000451e+00 0.000000000000000000e+00
-2.508000000000000007e+00 0.000000000000000000e+00
-2.495999999999999996e+00 0.000000000000000000e+00
-2.495999999999999996e+00 0.000000000000000000e+00
-2.483999999999999986e+00 0.000000000000000000e+00
-2.483999999999999986e+00 0.000000000000000000e+00
-2.472000000000000419e+00 0.000000000000000000e+00
-2.472000000000000419e+00 9.999999999999998890e-01
-2.460000000000000409e+00 9.999999999999998890e-01
-2.459999999999999964e+00 0.000000000000000000e+00
-2.447999999999999954e+00 0.000000000000000000e+00
-2.447999999999999954e+00 0.000000000000000000e+00
-2.436000000000000387e+00 0.000000000000000000e+00
-2.435999999999999943e+00 0.000000000000000000e+00
-2.423999999999999932e+00 0.000000000000000000e+00
-2.423999999999999932e+00 0.000000000000000000e+00
-2.411999999999999922e+00 0.000000000000000000e+00
-2.411999999999999922e+00 0.000000000000000000e+00
-2.400000000000000355e+00 0.000000000000000000e+00
-2.400000000000000355e+00 0.000000000000000000e+00
-2.388000000000000345e+00 0.000000000000000000e+00
-2.387999999999999901e+00 0.000000000000000000e+00
-2.375999999999999890e+00 0.000000000000000000e+00
-2.375999999999999890e+00 0.000000000000000000e+00
-2.364000000000000323e+00 0.000000000000000000e+00
-2.363999999999999879e+00 9.999999999999995559e-01
-2.351999999999999869e+00 9.999999999999995559e-01
-2.351999999999999869e+00 0.000000000000000000e+00
-2.339999999999999858e+00 0.000000000000000000e+00
-2.339999999999999858e+00 0.000000000000000000e+00
-2.328000000000000291e+00 0.000000000000000000e+00
-2.328000000000000291e+00 0.000000000000000000e+00
-2.316000000000000281e+00 0.000000000000000000e+00
-2.315999999999999837e+00 0.000000000000000000e+00
-2.304000000000000270e+00 0.000000000000000000e+00
-2.304000000000000270e+00 1.000000000000000444e+00
-2.292000000000000259e+00 1.000000000000000444e+00
-2.292000000000000259e+00 0.000000000000000000e+00
-2.280000000000000249e+00 0.000000000000000000e+00
-2.279999999999999805e+00 0.000000000000000000e+00
-2.268000000000000238e+00 0.000000000000000000e+00
-2.268000000000000238e+00 0.000000000000000000e+00
-2.256000000000000227e+00 0.000000000000000000e+00
-2.256000000000000227e+00 1.000000000000000666e+00
-2.244000000000000217e+00 1.000000000000000666e+00
-2.243999999999999773e+00 0.000000000000000000e+00
-2.232000000000000206e+00 0.000000000000000000e+00
-2.232000000000000206e+00 2.000000000000000000e+00
-2.220000000000000195e+00 2.000000000000000000e+00
-2.220000000000000195e+00 1.999999999999999556e+00
-2.208000000000000185e+00 1.999999999999999556e+00
-2.207999999999999741e+00 0.000000000000000000e+00
-2.196000000000000174e+00 0.000000000000000000e+00
-2.196000000000000174e+00 0.000000000000000000e+00
-2.184000000000000163e+00 0.000000000000000000e+00
-2.184000000000000163e+00 1.000000000000000000e+00
-2.172000000000000153e+00 1.000000000000000000e+00
-2.171999999999999709e+00 0.000000000000000000e+00
-2.160000000000000142e+00 0.000000000000000000e+00
-2.160000000000000142e+00 0.000000000000000000e+00
-2.148000000000000131e+00 0.000000000000000000e+00
-2.148000000000000131e+00 1.000000000000000000e+00
-2.136000000000000121e+00 1.000000000000000000e+00
-2.135999999999999677e+00 0.000000000000000000e+00
-2.124000000000000110e+00 0.000000000000000000e+00
-2.124000000000000110e+00 0.000000000000000000e+00
-2.112000000000000099e+00 0.000000000000000000e+00
-2.112000000000000099e+00 0.000000000000000000e+00
-2.100000000000000089e+00 0.000000000000000000e+00
-2.100000000000000089e+00 0.000000000000000000e+00
-2.088000000000000522e+00 0.000000000000000000e+00
-2.088000000000000078e+00 0.000000000000000000e+00
-2.076000000000000068e+00 0.000000000000000000e+00
-2.076000000000000068e+00 0.000000000000000000e+00
-2.064000000000000501e+00 0.000000000000000000e+00
-2.064000000000000057e+00 1.000000000000000444e+00
-2.052000000000000046e+00 1.000000000000000444e+00
-2.052000000000000046e+00 1.000000000000000000e+00
-2.040000000000000036e+00 1.000000000000000000e+00
-2.040000000000000036e+00 0.000000000000000000e+00
-2.028000000000000469e+00 0.000000000000000000e+00
-2.028000000000000469e+00 0.000000000000000000e+00
-2.016000000000000458e+00 0.000000000000000000e+00
-2.016000000000000014e+00 1.999999999999999556e+00
-2.004000000000000004e+00 1.999999999999999556e+00
-2.004000000000000004e+00 0.000000000000000000e+00
-1.992000000000000215e+00 0.000000000000000000e+00
-1.991999999999999771e+00 0.000000000000000000e+00
-1.979999999999999982e+00 0.000000000000000000e+00
-1.979999999999999982e+00 0.000000000000000000e+00
-1.968000000000000194e+00 0.000000000000000000e+00
-1.968000000000000194e+00 0.000000000000000000e+00
-1.956000000000000183e+00 0.000000000000000000e+00
-1.956000000000000183e+00 0.000000000000000000e+00
-1.944000000000000394e+00 0.000000000000000000e+00
-1.943999999999999950e+00 0.000000000000000000e+00
-1.932000000000000162e+00 0.000000000000000000e+00
-1.932000000000000162e+00 1.999999999999999334e+00
-1.920000000000000373e+00 1.999999999999999334e+00
-1.920000000000000151e+00 2.000000000000000000e+00
-1.908000000000000140e+00 2.000000000000000000e+00
-1.907999999999999918e+00 0.000000000000000000e+00
-1.896000000000000130e+00 0.000000000000000000e+00
-1.896000000000000130e+00 2.000000000000000000e+00
-1.884000000000000341e+00 2.000000000000000000e+00
-1.884000000000000119e+00 9.999999999999998890e-01
-1.872000000000000108e+00 9.999999999999998890e-01
-1.871999999999999886e+00 1.000000000000000000e+00
-1.860000000000000098e+00 1.000000000000000000e+00
-1.860000000000000098e+00 1.000000000000000000e+00
-1.848000000000000309e+00 1.000000000000000000e+00
-1.848000000000000087e+00 1.000000000000000444e+00
-1.836000000000000076e+00 1.000000000000000444e+00
-1.835999999999999854e+00 0.000000000000000000e+00
-1.824000000000000066e+00 0.000000000000000000e+00
-1.824000000000000066e+00 2.000000000000000888e+00
-1.812000000000000277e+00 2.000000000000000888e+00
-1.812000000000000055e+00 0.000000000000000000e+00
-1.800000000000000266e+00 0.000000000000000000e+00
-1.800000000000000044e+00 2.000000000000000000e+00
-1.788000000000000034e+00 2.000000000000000000e+00
-1.788000000000000034e+00 0.000000000000000000e+00
-1.776000000000000245e+00 0.000000000000000000e+00
-1.776000000000000023e+00 2.000000000000000888e+00
-1.764000000000000234e+00 2.000000000000000888e+00
-1.764000000000000012e+00 3.000000000000000888e+00
-1.752000000000000002e+00 3.000000000000000888e+00
-1.752000000000000002e+00 1.999999999999999556e+00
-1.740000000000000213e+00 1.999999999999999556e+00
-1.739999999999999991e+00 2.999999999999999112e+00
-1.728000000000000203e+00 2.999999999999999112e+00
-1.727999999999999980e+00 1.999999999999999778e+00
-1.715999999999999970e+00 1.999999999999999778e+00
-1.715999999999999970e+00 2.000000000000000888e+00
-1.704000000000000181e+00 2.000000000000000888e+00
-1.703999999999999959e+00 2.000000000000001776e+00
-1.692000000000000171e+00 2.000000000000001776e+00
-1.691999999999999948e+00 3.000000000000001332e+00
-1.680000000000000160e+00 3.000000000000001332e+00
-1.680000000000000160e+00 2.999999999999999556e+00
-1.668000000000000149e+00 2.999999999999999556e+00
-1.667999999999999927e+00 2.000000000000000000e+00
-1.656000000000000139e+00 2.000000000000000000e+00
-1.655999999999999917e+00 3.000000000000000000e+00
-1.644000000000000128e+00 3.000000000000000000e+00
-1.644000000000000128e+00 2.000000000000000888e+00
-1.632000000000000117e+00 2.000000000000000888e+00
-1.631999999999999895e+00 5.000000000000000888e+00
-1.620000000000000107e+00 5.000000000000000888e+00
-1.620000000000000107e+00 1.999999999999999112e+00
-1.608000000000000318e+00 1.999999999999999112e+00
-1.608000000000000096e+00 5.000000000000001776e+00
-1.596000000000000085e+00 5.000000000000001776e+00
-1.596000000000000085e+00 2.000000000000000000e+00
-1.584000000000000075e+00 2.000000000000000000e+00
-1.584000000000000075e+00 9.999999999999997780e-01
-1.572000000000000286e+00 9.999999999999997780e-01
-1.572000000000000064e+00 4.999999999999999112e+00
-1.560000000000000275e+00 4.999999999999999112e+00
-1.560000000000000053e+00 9.999999999999991118e-01
-1.548000000000000043e+00 9.999999999999991118e-01
-1.548000000000000043e+00 9.999999999999998890e-01
-1.536000000000000254e+00 9.999999999999998890e-01
-1.536000000000000032e+00 1.000000000000000222e+00
-1.524000000000000243e+00 1.000000000000000222e+00
-1.524000000000000021e+00 4.000000000000000000e+00
-1.512000000000000011e+00 4.000000000000000000e+00
-1.512000000000000011e+00 9.999999999999995559e-01
-1.500000000000000222e+00 9.999999999999995559e-01
-1.500000000000000000e+00 1.000000000000000444e+00
-1.488000000000000211e+00 1.000000000000000444e+00
-1.487999999999999989e+00 3.000000000000000444e+00
-1.476000000000000201e+00 3.000000000000000444e+00
-1.476000000000000201e+00 0.000000000000000000e+00
-1.464000000000000190e+00 0.000000000000000000e+00
-1.463999999999999968e+00 0.000000000000000000e+00
-1.452000000000000179e+00 0.000000000000000000e+00
-1.451999999999999957e+00 9.999999999999997780e-01
-1.440000000000000169e+00 9.999999999999997780e-01
-1.440000000000000169e+00 0.000000000000000000e+00
-1.428000000000000158e+00 0.000000000000000000e+00
-1.427999999999999936e+00 0.000000000000000000e+00
-1.416000000000000147e+00 0.000000000000000000e+00
-1.415999999999999925e+00 0.000000000000000000e+00
-1.404000000000000137e+00 0.000000000000000000e+00
-1.404000000000000137e+00 2.000000000000000000e+00
-1.392000000000000126e+00 2.000000000000000000e+00
-1.391999999999999904e+00 3.000000000000000000e+00
-1.380000000000000115e+00 3.000000000000000000e+00
-1.379999999999999893e+00 1.000000000000000888e+00
-1.368000000000000105e+00 1.000000000000000888e+00
-1.368000000000000105e+00 0.000000000000000000e+00
-1.356000000000000316e+00 0.000000000000000000e+00
-1.356000000000000094e+00 1.000000000000000000e+00
-1.344000000000000083e+00 1.000000000000000000e+00
-1.343999999999999861e+00 2.999999999999998668e+00
-1.332000000000000073e+00 2.999999999999998668e+00
-1.332000000000000073e+00 0.000000000000000000e+00
-1.320000000000000284e+00 0.000000000000000000e+00
-1.320000000000000062e+00 0.000000000000000000e+00
-1.308000000000000052e+00 0.000000000000000000e+00
-1.307999999999999829e+00 0.000000000000000000e+00
-1.296000000000000041e+00 0.000000000000000000e+00
-1.296000000000000041e+00 0.000000000000000000e+00
-1.284000000000000252e+00 0.000000000000000000e+00
-1.284000000000000030e+00 0.000000000000000000e+00
-1.272000000000000020e+00 0.000000000000000000e+00
-1.272000000000000020e+00 1.000000000000000444e+00
-1.260000000000000231e+00 1.000000000000000444e+00
-1.260000000000000009e+00 1.000000000000000222e+00
-1.248000000000000220e+00 1.000000000000000222e+00
-1.247999999999999998e+00 3.000000000000000000e+00
-1.236000000000000210e+00 3.000000000000000000e+00
-1.236000000000000210e+00 1.000000000000000000e+00
-1.224000000000000199e+00 1.000000000000000000e+00
-1.223999999999999977e+00 1.000000000000000666e+00
-1.212000000000000188e+00 1.000000000000000666e+00
-1.211999999999999966e+00 9.999999999999996669e-01
-1.200000000000000178e+00 9.999999999999996669e-01
-1.200000000000000178e+00 0.000000000000000000e+00
-1.188000000000000167e+00 0.000000000000000000e+00
-1.187999999999999945e+00 0.000000000000000000e+00
-1.176000000000000156e+00 0.000000000000000000e+00
-1.175999999999999934e+00 0.000000000000000000e+00
-1.164000000000000146e+00 0.000000000000000000e+00
-1.164000000000000146e+00 2.000000000000000888e+00
-1.152000000000000135e+00 2.000000000000000888e+00
-1.152000000000000135e+00 9.999999999999995559e-01
-1.140000000000000124e+00 9.999999999999995559e-01
-1.139999999999999902e+00 2.000000000000000000e+00
-1.128000000000000114e+00 2.000000000000000000e+00
-1.128000000000000114e+00 0.000000000000000000e+00
-1.116000000000000325e+00 0.000000000000000000e+00
-1.116000000000000103e+00 0.000000000000000000e+00
-1.104000000000000092e+00 0.000000000000000000e+00
-1.103999999999999870e+00 3.999999999999999112e+00
-1.092000000000000082e+00 3.999999999999999112e+00
-1.092000000000000082e+00 0.000000000000000000e+00
-1.080000000000000293e+00 0.000000000000000000e+00
-1.080000000000000071e+00 0.000000000000000000e+00
-1.068000000000000060e+00 0.000000000000000000e+00
-1.067999999999999838e+00 2.000000000000000000e+00
-1.056000000000000050e+00 2.000000000000000000e+00
-1.056000000000000050e+00 0.000000000000000000e+00
-1.044000000000000261e+00 0.000000000000000000e+00
-1.044000000000000261e+00 9.999999999999997780e-01
-1.032000000000000473e+00 9.999999999999997780e-01
-1.032000000000000028e+00 1.000000000000000222e+00
-1.020000000000000018e+00 1.000000000000000222e+00
-1.020000000000000018e+00 0.000000000000000000e+00
-1.008000000000000229e+00 0.000000000000000000e+00
-1.008000000000000229e+00 0.000000000000000000e+00
-9.960000000000003295e-01 0.000000000000000000e+00
-9.959999999999998854e-01 2.000000000000000888e+00
-9.840000000000000968e-01 2.000000000000000888e+00
-9.840000000000000968e-01 1.000000000000000000e+00
-9.720000000000001972e-01 1.000000000000000000e+00
-9.720000000000001972e-01 2.000000000000000444e+00
-9.600000000000002975e-01 2.000000000000000444e+00
-9.599999999999999645e-01 1.000000000000000444e+00
-9.480000000000000648e-01 1.000000000000000444e+00
-9.480000000000000648e-01 3.000000000000001332e+00
-9.360000000000001652e-01 3.000000000000001332e+00
-9.360000000000001652e-01 2.000000000000000888e+00
-9.240000000000003766e-01 2.000000000000000888e+00
-9.239999999999999325e-01 0.000000000000000000e+00
-9.120000000000000329e-01 0.000000000000000000e+00
-9.120000000000000329e-01 2.999999999999999112e+00
-9.000000000000002442e-01 2.999999999999999112e+00
-9.000000000000002442e-01 1.000000000000000000e+00
-8.880000000000003446e-01 1.000000000000000000e+00
-8.879999999999999005e-01 4.000000000000000000e+00
-8.760000000000000009e-01 4.000000000000000000e+00
-8.760000000000000009e-01 9.999999999999993339e-01
-8.640000000000002123e-01 9.999999999999993339e-01
-8.640000000000002123e-01 1.000000000000000444e+00
-8.520000000000003126e-01 1.000000000000000444e+00
-8.519999999999998685e-01 1.000000000000000666e+00
-8.400000000000000799e-01 1.000000000000000666e+00
-8.400000000000000799e-01 1.999999999999999112e+00
-8.280000000000001803e-01 1.999999999999999112e+00
-8.280000000000001803e-01 2.000000000000001776e+00
-8.160000000000002807e-01 2.000000000000001776e+00
-8.159999999999998366e-01 1.000000000000000000e+00
-8.040000000000000480e-01 1.000000000000000000e+00
-8.040000000000000480e-01 3.000000000000001332e+00
-7.920000000000001483e-01 3.000000000000001332e+00
-7.920000000000001483e-01 2.000000000000000000e+00
-7.800000000000003597e-01 2.000000000000000000e+00
-7.799999999999999156e-01 5.999999999999999112e+00
-7.680000000000000160e-01 5.999999999999999112e+00
-7.680000000000000160e-01 1.999999999999999556e+00
-7.560000000000001164e-01 1.999999999999999556e+00
-7.560000000000001164e-01 6.000000000000000000e+00
-7.440000000000003277e-01 6.000000000000000000e+00
-7.439999999999998836e-01 5.000000000000000000e+00
-7.319999999999999840e-01 5.000000000000000000e+00
-7.319999999999999840e-01 5.999999999999999112e+00
-7.200000000000001954e-01 5.999999999999999112e+00
-7.200000000000001954e-01 1.300000000000000355e+01
-7.080000000000002958e-01 1.300000000000000355e+01
-7.079999999999998517e-01 6.999999999999997335e+00
-6.959999999999999520e-01 6.999999999999997335e+00
-6.959999999999999520e-01 1.300000000000000000e+01
-6.840000000000001634e-01 1.300000000000000000e+01
-6.840000000000001634e-01 1.000000000000000000e+01
-6.720000000000002638e-01 1.000000000000000000e+01
-6.719999999999998197e-01 8.000000000000000000e+00
-6.600000000000000311e-01 8.000000000000000000e+00
-6.600000000000000311e-01 6.999999999999998224e+00
-6.480000000000001315e-01 6.999999999999998224e+00
-6.480000000000001315e-01 1.600000000000000000e+01
-6.360000000000002318e-01 1.600000000000000000e+01
-6.359999999999998987e-01 1.200000000000000000e+01
-6.239999999999999991e-01 1.200000000000000000e+01
-6.239999999999999991e-01 9.999999999999998224e+00
-6.120000000000000995e-01 9.999999999999998224e+00
-6.120000000000000995e-01 1.599999999999999822e+01
-6.000000000000003109e-01 1.599999999999999822e+01
-5.999999999999998668e-01 7.999999999999999112e+00
-5.879999999999999671e-01 7.999999999999999112e+00
-5.879999999999999671e-01 1.400000000000000000e+01
-5.760000000000000675e-01 1.400000000000000000e+01
-5.760000000000000675e-01 1.500000000000000000e+01
-5.640000000000002789e-01 1.500000000000000000e+01
-5.639999999999998348e-01 1.100000000000000000e+01
-5.519999999999999352e-01 1.100000000000000000e+01
-5.519999999999999352e-01 1.100000000000000355e+01
-5.400000000000001465e-01 1.100000000000000355e+01
-5.400000000000001465e-01 2.100000000000000000e+01
-5.280000000000002469e-01 2.100000000000000000e+01
-5.279999999999998028e-01 7.000000000000000000e+00
-5.160000000000000142e-01 7.000000000000000000e+00
-5.160000000000000142e-01 9.000000000000000000e+00
-5.040000000000001146e-01 9.000000000000000000e+00
-5.040000000000001146e-01 1.100000000000000000e+01
-4.920000000000002705e-01 1.100000000000000000e+01
-4.919999999999998264e-01 9.000000000000000000e+00
-4.799999999999999822e-01 9.000000000000000000e+00
-4.799999999999999822e-01 8.000000000000003553e+00
-4.680000000000000826e-01 8.000000000000003553e+00
-4.680000000000000826e-01 1.200000000000000000e+01
-4.560000000000002385e-01 1.200000000000000000e+01
-4.559999999999997944e-01 1.000000000000000178e+01
-4.439999999999999503e-01 1.000000000000000178e+01
-4.439999999999999503e-01 1.700000000000000355e+01
-4.320000000000001061e-01 1.700000000000000355e+01
-4.320000000000001061e-01 1.700000000000000355e+01
-4.200000000000002620e-01 1.700000000000000355e+01
-4.199999999999998179e-01 1.300000000000000178e+01
-4.079999999999999183e-01 1.300000000000000178e+01
-4.079999999999999183e-01 1.200000000000000355e+01
-3.960000000000000742e-01 1.200000000000000355e+01
-3.960000000000000742e-01 1.699999999999999645e+01
-3.840000000000002300e-01 1.699999999999999645e+01
-3.839999999999997859e-01 2.200000000000000000e+01
-3.719999999999999418e-01 2.200000000000000000e+01
-3.719999999999999418e-01 1.600000000000000355e+01
-3.600000000000000977e-01 1.600000000000000355e+01
-3.600000000000000977e-01 2.500000000000000000e+01
-3.480000000000001981e-01 2.500000000000000000e+01
-3.479999999999998095e-01 2.000000000000000000e+01
-3.359999999999999098e-01 2.000000000000000000e+01
-3.359999999999999098e-01 2.900000000000000000e+01
-3.240000000000000657e-01 2.900000000000000000e+01
-3.240000000000000657e-01 2.500000000000000000e+01
-3.120000000000002216e-01 2.500000000000000000e+01
-3.119999999999997775e-01 1.600000000000000355e+01
-2.999999999999999334e-01 1.600000000000000355e+01
-2.999999999999999334e-01 2.100000000000000000e+01
-2.880000000000000338e-01 2.100000000000000000e+01
-2.880000000000000338e-01 3.300000000000000000e+01
-2.760000000000001896e-01 3.300000000000000000e+01
-2.760000000000001896e-01 2.100000000000000000e+01
-2.640000000000003455e-01 2.100000000000000000e+01
-2.639999999999999014e-01 4.800000000000000000e+01
-2.520000000000000573e-01 4.800000000000000000e+01
-2.520000000000000573e-01 4.500000000000000000e+01
-2.400000000000001854e-01 4.500000000000000000e+01
-2.400000000000001854e-01 6.100000000000000000e+01
-2.280000000000003413e-01 6.100000000000000000e+01
-2.279999999999998972e-01 4.600000000000000000e+01
-2.160000000000000531e-01 4.600000000000000000e+01
-2.160000000000000531e-01 5.600000000000000000e+01
-2.040000000000001812e-01 5.600000000000000000e+01
-2.040000000000001812e-01 7.200000000000000000e+01
-1.920000000000003371e-01 7.200000000000000000e+01
-1.919999999999998930e-01 7.100000000000000000e+01
-1.800000000000000488e-01 7.100000000000000000e+01
-1.800000000000000488e-01 8.100000000000000000e+01
-1.680000000000001770e-01 8.100000000000000000e+01
-1.680000000000001770e-01 6.600000000000001421e+01
-1.560000000000003328e-01 6.600000000000001421e+01
-1.559999999999998888e-01 9.500000000000000000e+01
-1.440000000000000169e-01 9.500000000000000000e+01
-1.440000000000000169e-01 1.000000000000000000e+02
-1.320000000000001728e-01 1.000000000000000000e+02
-1.320000000000001728e-01 1.150000000000000000e+02
-1.200000000000003147e-01 1.150000000000000000e+02
-1.199999999999998845e-01 1.310000000000000000e+02
-1.080000000000000265e-01 1.310000000000000000e+02
-1.080000000000000265e-01 1.400000000000000000e+02
-9.600000000000016853e-02 1.400000000000000000e+02
-9.600000000000016853e-02 1.550000000000000284e+02
-8.400000000000031053e-02 1.550000000000000284e+02
-8.399999999999988032e-02 1.680000000000000000e+02
-7.200000000000000844e-02 1.680000000000000000e+02
-7.200000000000000844e-02 1.690000000000000000e+02
-6.000000000000015737e-02 1.690000000000000000e+02
-6.000000000000015737e-02 1.600000000000000000e+02
-4.800000000000029937e-02 1.600000000000000000e+02
-4.799999999999986222e-02 2.090000000000000000e+02
-3.600000000000000422e-02 2.090000000000000000e+02
-3.600000000000000422e-02 2.080000000000000000e+02
-2.400000000000014969e-02 2.080000000000000000e+02
-2.400000000000014969e-02 2.060000000000000000e+02
-1.200000000000029168e-02 2.060000000000000000e+02
-1.199999999999985800e-02 1.900000000000000000e+02
0.000000000000000000e+00 1.900000000000000000e+02
0.000000000000000000e+00 1.910000000000000000e+02
1.199999999999985800e-02 1.910000000000000000e+02
1.199999999999985800e-02 1.800000000000000000e+02
2.399999999999971600e-02 1.800000000000000000e+02
2.400000000000014969e-02 1.800000000000000000e+02
3.600000000000000422e-02 1.800000000000000000e+02
3.600000000000000422e-02 1.820000000000000000e+02
4.799999999999986222e-02 1.820000000000000000e+02
4.799999999999986222e-02 1.830000000000000000e+02
5.999999999999972022e-02 1.830000000000000000e+02
6.000000000000015737e-02 1.550000000000000000e+02
7.200000000000000844e-02 1.550000000000000000e+02
7.200000000000000844e-02 1.410000000000000000e+02
8.399999999999988032e-02 1.410000000000000000e+02
8.399999999999988032e-02 1.640000000000000000e+02
9.599999999999972444e-02 1.640000000000000000e+02
9.600000000000016853e-02 1.410000000000000000e+02
1.080000000000000265e-01 1.410000000000000000e+02
1.080000000000000265e-01 1.150000000000000000e+02
1.199999999999998845e-01 1.150000000000000000e+02
1.199999999999998845e-01 1.440000000000000000e+02
1.319999999999997287e-01 1.440000000000000000e+02
1.320000000000001728e-01 9.900000000000000000e+01
1.440000000000000169e-01 9.900000000000000000e+01
1.440000000000000169e-01 9.300000000000000000e+01
1.559999999999998888e-01 9.300000000000000000e+01
1.559999999999998888e-01 9.700000000000000000e+01
1.679999999999997606e-01 9.700000000000000000e+01
1.680000000000001770e-01 7.500000000000000000e+01
1.800000000000000488e-01 7.500000000000000000e+01
1.800000000000000488e-01 6.899999999999998579e+01
1.919999999999998930e-01 6.899999999999998579e+01
1.919999999999998930e-01 7.100000000000000000e+01
2.039999999999997649e-01 7.100000000000000000e+01
2.040000000000001812e-01 6.100000000000000000e+01
2.160000000000000531e-01 6.100000000000000000e+01
2.160000000000000531e-01 5.400000000000000000e+01
2.279999999999998972e-01 5.400000000000000000e+01
2.279999999999998972e-01 4.300000000000000000e+01
2.399999999999997691e-01 4.300000000000000000e+01
2.400000000000001854e-01 5.300000000000000000e+01
2.520000000000000573e-01 5.300000000000000000e+01
2.520000000000000573e-01 3.300000000000000000e+01
2.639999999999999014e-01 3.300000000000000000e+01
2.639999999999999014e-01 3.400000000000000000e+01
2.759999999999997455e-01 3.400000000000000000e+01
2.760000000000001896e-01 4.500000000000000000e+01
2.880000000000000338e-01 4.500000000000000000e+01
2.880000000000000338e-01 3.199999999999999645e+01
2.999999999999999334e-01 3.199999999999999645e+01
2.999999999999999334e-01 2.500000000000000000e+01
3.119999999999997775e-01 2.500000000000000000e+01
3.120000000000002216e-01 2.600000000000000000e+01
3.240000000000000657e-01 2.600000000000000000e+01
3.240000000000000657e-01 2.100000000000000000e+01
3.359999999999999098e-01 2.100000000000000000e+01
3.359999999999999098e-01 3.300000000000000000e+01
3.479999999999998095e-01 3.300000000000000000e+01
3.480000000000001981e-01 2.100000000000000000e+01
3.600000000000000977e-01 2.100000000000000000e+01
3.600000000000000977e-01 2.200000000000000000e+01
3.719999999999999418e-01 2.200000000000000000e+01
3.719999999999999418e-01 1.600000000000000000e+01
3.839999999999997859e-01 1.600000000000000000e+01
3.840000000000002300e-01 1.400000000000000000e+01
3.960000000000000742e-01 1.400000000000000000e+01
3.960000000000000742e-01 1.700000000000000000e+01
4.079999999999999183e-01 1.700000000000000000e+01
4.079999999999999183e-01 6.999999999999998224e+00
4.199999999999998179e-01 6.999999999999998224e+00
4.200000000000002620e-01 6.999999999999997335e+00
4.320000000000001061e-01 6.999999999999997335e+00
4.320000000000001061e-01 1.300000000000000000e+01
4.439999999999999503e-01 1.300000000000000000e+01
4.439999999999999503e-01 1.600000000000000000e+01
4.559999999999997944e-01 1.600000000000000000e+01
4.559999999999997944e-01 1.400000000000000000e+01
4.679999999999996385e-01 1.400000000000000000e+01
4.680000000000000826e-01 1.100000000000000355e+01
4.799999999999999822e-01 1.100000000000000355e+01
4.799999999999999822e-01 8.000000000000000000e+00
4.919999999999998264e-01 8.000000000000000000e+00
4.919999999999998264e-01 9.000000000000001776e+00
5.039999999999996705e-01 9.000000000000001776e+00
5.040000000000001146e-01 9.000000000000000000e+00
5.160000000000000142e-01 9.000000000000000000e+00
5.160000000000000142e-01 1.300000000000000355e+01
5.279999999999998028e-01 1.300000000000000355e+01
5.279999999999998028e-01 9.000000000000000000e+00
5.399999999999997025e-01 9.000000000000000000e+00
5.400000000000001465e-01 1.500000000000000178e+01
5.519999999999999352e-01 1.500000000000000178e+01
5.519999999999999352e-01 1.000000000000000355e+01
5.639999999999998348e-01 1.000000000000000355e+01
5.639999999999998348e-01 1.700000000000000355e+01
5.759999999999997344e-01 1.700000000000000355e+01
5.760000000000000675e-01 1.500000000000000178e+01
5.879999999999999671e-01 1.500000000000000178e+01
5.879999999999999671e-01 9.000000000000000000e+00
5.999999999999998668e-01 9.000000000000000000e+00
5.999999999999998668e-01 1.500000000000000355e+01
6.119999999999996554e-01 1.500000000000000355e+01
6.120000000000000995e-01 1.100000000000000355e+01
6.239999999999999991e-01 1.100000000000000355e+01
6.239999999999999991e-01 1.300000000000000178e+01
6.359999999999998987e-01 1.300000000000000178e+01
6.359999999999998987e-01 9.000000000000000000e+00
6.479999999999996874e-01 9.000000000000000000e+00
6.480000000000001315e-01 2.000000000000000000e+01
6.600000000000000311e-01 2.000000000000000000e+01
6.600000000000000311e-01 1.200000000000000178e+01
6.719999999999998197e-01 1.200000000000000178e+01
6.719999999999998197e-01 8.000000000000000000e+00
6.839999999999997193e-01 8.000000000000000000e+00
6.840000000000001634e-01 7.000000000000001776e+00
6.959999999999999520e-01 7.000000000000001776e+00
6.959999999999999520e-01 8.000000000000000000e+00
7.079999999999998517e-01 8.000000000000000000e+00
7.079999999999998517e-01 3.000000000000000888e+00
7.199999999999997513e-01 3.000000000000000888e+00
7.200000000000001954e-01 6.000000000000000888e+00
7.319999999999999840e-01 6.000000000000000888e+00
7.319999999999999840e-01 9.999999999999997780e-01
7.439999999999998836e-01 9.999999999999997780e-01
7.439999999999998836e-01 2.999999999999999112e+00
7.559999999999997833e-01 2.999999999999999112e+00
7.560000000000001164e-01 1.000000000000000666e+00
7.680000000000000160e-01 1.000000000000000666e+00
7.680000000000000160e-01 2.000000000000000000e+00
7.799999999999999156e-01 2.000000000000000000e+00
7.799999999999999156e-01 3.000000000000000000e+00
7.919999999999997042e-01 3.000000000000000000e+00
7.920000000000001483e-01 9.999999999999992228e-01
8.040000000000000480e-01 9.999999999999992228e-01
8.040000000000000480e-01 1.999999999999999334e+00
8.159999999999998366e-01 1.999999999999999334e+00
8.159999999999998366e-01 1.000000000000000000e+00
8.279999999999997362e-01 1.000000000000000000e+00
8.280000000000001803e-01 9.999999999999995559e-01
8.400000000000000799e-01 9.999999999999995559e-01
8.400000000000000799e-01 1.999999999999999334e+00
8.519999999999998685e-01 1.999999999999999334e+00
8.519999999999998685e-01 0.000000000000000000e+00
8.639999999999997682e-01 0.000000000000000000e+00
8.640000000000002123e-01 5.000000000000001776e+00
8.760000000000000009e-01 5.000000000000001776e+00
8.760000000000000009e-01 4.000000000000000888e+00
8.879999999999999005e-01 4.000000000000000888e+00
8.879999999999999005e-01 2.000000000000000000e+00
8.999999999999998002e-01 2.000000000000000000e+00
9.000000000000002442e-01 2.999999999999999112e+00
9.120000000000000329e-01 2.999999999999999112e+00
9.119999999999995888e-01 1.000000000000000222e+00
9.239999999999994884e-01 1.000000000000000222e+00
9.240000000000003766e-01 2.000000000000000000e+00
9.360000000000001652e-01 2.000000000000000000e+00
9.360000000000001652e-01 9.999999999999992228e-01
9.480000000000000648e-01 9.999999999999992228e-01
9.480000000000000648e-01 9.999999999999992228e-01
9.599999999999999645e-01 9.999999999999992228e-01
9.599999999999999645e-01 2.000000000000001332e+00
9.719999999999997531e-01 2.000000000000001332e+00
9.719999999999997531e-01 0.000000000000000000e+00
9.839999999999996527e-01 0.000000000000000000e+00
9.839999999999996527e-01 1.999999999999999112e+00
9.959999999999994413e-01 1.999999999999999112e+00
9.960000000000003295e-01 0.000000000000000000e+00
1.008000000000000229e+00 0.000000000000000000e+00
1.008000000000000229e+00 0.000000000000000000e+00
1.020000000000000018e+00 0.000000000000000000e+00
1.020000000000000018e+00 0.000000000000000000e+00
1.032000000000000028e+00 0.000000000000000000e+00
1.032000000000000028e+00 3.000000000000000000e+00
1.043999999999999817e+00 3.000000000000000000e+00
1.043999999999999817e+00 0.000000000000000000e+00
1.055999999999999606e+00 0.000000000000000000e+00
1.055999999999999606e+00 2.000000000000000444e+00
1.067999999999999616e+00 2.000000000000000444e+00
1.068000000000000282e+00 0.000000000000000000e+00
1.080000000000000293e+00 0.000000000000000000e+00
1.080000000000000293e+00 2.000000000000000444e+00
1.092000000000000082e+00 2.000000000000000444e+00
1.092000000000000082e+00 1.000000000000001332e+00
1.103999999999999870e+00 1.000000000000001332e+00
1.103999999999999870e+00 0.000000000000000000e+00
1.115999999999999881e+00 0.000000000000000000e+00
1.115999999999999881e+00 1.000000000000000222e+00
1.127999999999999670e+00 1.000000000000000222e+00
1.127999999999999670e+00 1.000000000000000888e+00
1.139999999999999458e+00 1.000000000000000888e+00
1.140000000000000346e+00 0.000000000000000000e+00
1.152000000000000135e+00 0.000000000000000000e+00
1.152000000000000135e+00 0.000000000000000000e+00
1.164000000000000146e+00 0.000000000000000000e+00
1.164000000000000146e+00 9.999999999999996669e-01
1.175999999999999934e+00 9.999999999999996669e-01
1.175999999999999934e+00 0.000000000000000000e+00
1.187999999999999723e+00 0.000000000000000000e+00
1.187999999999999723e+00 1.000000000000000000e+00
1.199999999999999734e+00 1.000000000000000000e+00
1.199999999999999734e+00 0.000000000000000000e+00
1.211999999999999522e+00 0.000000000000000000e+00
1.212000000000000410e+00 1.000000000000000000e+00
1.224000000000000199e+00 1.000000000000000000e+00
1.224000000000000199e+00 0.000000000000000000e+00
1.236000000000000210e+00 0.000000000000000000e+00
1.236000000000000210e+00 0.000000000000000000e+00
1.247999999999999998e+00 0.000000000000000000e+00
1.247999999999999998e+00 2.000000000000000000e+00
1.259999999999999787e+00 2.000000000000000000e+00
1.259999999999999787e+00 9.999999999999998890e-01
1.271999999999999797e+00 9.999999999999998890e-01
1.271999999999999797e+00 0.000000000000000000e+00
1.283999999999999586e+00 0.000000000000000000e+00
1.284000000000000474e+00 1.000000000000000444e+00
1.296000000000000263e+00 1.000000000000000444e+00
1.296000000000000263e+00 1.000000000000000222e+00
1.308000000000000052e+00 1.000000000000000222e+00
1.308000000000000052e+00 2.000000000000000444e+00
1.320000000000000062e+00 2.000000000000000444e+00
1.320000000000000062e+00 2.000000000000000000e+00
1.331999999999999851e+00 2.000000000000000000e+00
1.331999999999999851e+00 0.000000000000000000e+00
1.343999999999999639e+00 0.000000000000000000e+00
1.343999999999999639e+00 1.000000000000000444e+00
1.355999999999999650e+00 1.000000000000000444e+00
1.356000000000000538e+00 0.000000000000000000e+00
1.368000000000000327e+00 0.000000000000000000e+00
1.368000000000000327e+00 0.000000000000000000e+00
1.380000000000000115e+00 0.000000000000000000e+00
1.380000000000000115e+00 1.000000000000000666e+00
1.391999999999999904e+00 1.000000000000000666e+00
1.391999999999999904e+00 2.000000000000000000e+00
1.403999999999999915e+00 2.000000000000000000e+00
1.403999999999999915e+00 2.000000000000000000e+00
1.415999999999999703e+00 2.000000000000000000e+00
1.415999999999999703e+00 0.000000000000000000e+00
1.427999999999999492e+00 0.000000000000000000e+00
1.428000000000000380e+00 0.000000000000000000e+00
1.440000000000000391e+00 0.000000000000000000e+00
1.440000000000000391e+00 1.000000000000000666e+00
1.452000000000000179e+00 1.000000000000000666e+00
1.452000000000000179e+00 2.000000000000000000e+00
1.463999999999999968e+00 2.000000000000000000e+00
1.463999999999999968e+00 9.999999999999996669e-01
1.475999999999999979e+00 9.999999999999996669e-01
1.475999999999999979e+00 3.999999999999999556e+00
1.487999999999999767e+00 3.999999999999999556e+00
1.487999999999999767e+00 3.000000000000000888e+00
1.499999999999999556e+00 3.000000000000000888e+00
1.500000000000000444e+00 5.999999999999999112e+00
1.512000000000000233e+00 5.999999999999999112e+00
1.512000000000000233e+00 3.000000000000000888e+00
1.524000000000000243e+00 3.000000000000000888e+00
1.524000000000000243e+00 1.000000000000000000e+00
1.536000000000000032e+00 1.000000000000000000e+00
1.536000000000000032e+00 5.000000000000000888e+00
1.547999999999999821e+00 5.000000000000000888e+00
1.547999999999999821e+00 0.000000000000000000e+00
1.559999999999999831e+00 0.000000000000000000e+00
1.559999999999999831e+00 3.000000000000000000e+00
1.571999999999999620e+00 3.000000000000000000e+00
1.572000000000000508e+00 0.000000000000000000e+00
1.584000000000000297e+00 0.000000000000000000e+00
1.584000000000000297e+00 0.000000000000000000e+00
1.596000000000000085e+00 0.000000000000000000e+00
1.596000000000000085e+00 2.000000000000000000e+00
1.608000000000000096e+00 2.000000000000000000e+00
1.608000000000000096e+00 4.000000000000000000e+00
1.619999999999999885e+00 4.000000000000000000e+00
1.619999999999999885e+00 4.000000000000000888e+00
1.631999999999999673e+00 4.000000000000000888e+00
1.631999999999999673e+00 0.000000000000000000e+00
1.643999999999999684e+00 0.000000000000000000e+00
1.643999999999999684e+00 2.000000000000000444e+00
1.655999999999999472e+00 2.000000000000000444e+00
1.656000000000000361e+00 2.000000000000000888e+00
1.668000000000000149e+00 2.000000000000000888e+00
1.668000000000000149e+00 2.000000000000000888e+00
1.680000000000000160e+00 2.000000000000000888e+00
1.680000000000000160e+00 3.000000000000000444e+00
1.691999999999999948e+00 3.000000000000000444e+00
1.691999999999999948e+00 9.999999999999995559e-01
1.703999999999999737e+00 9.999999999999995559e-01
1.703999999999999737e+00 1.000000000000000222e+00
1.715999999999999748e+00 1.000000000000000222e+00
1.715999999999999748e+00 0.000000000000000000e+00
1.727999999999999536e+00 0.000000000000000000e+00
1.728000000000000425e+00 1.000000000000000000e+00
1.740000000000000213e+00 1.000000000000000000e+00
1.740000000000000213e+00 0.000000000000000000e+00
1.752000000000000002e+00 0.000000000000000000e+00
1.752000000000000002e+00 1.000000000000000666e+00
1.764000000000000012e+00 1.000000000000000666e+00
1.764000000000000012e+00 0.000000000000000000e+00
1.775999999999999801e+00 0.000000000000000000e+00
1.775999999999999801e+00 0.000000000000000000e+00
1.787999999999999590e+00 0.000000000000000000e+00
1.787999999999999590e+00 1.000000000000000888e+00
1.799999999999999600e+00 1.000000000000000888e+00
1.800000000000000488e+00 0.000000000000000000e+00
1.812000000000000277e+00 0.000000000000000000e+00
1.812000000000000277e+00 0.000000000000000000e+00
1.824000000000000066e+00 0.000000000000000000e+00
1.824000000000000066e+00 9.999999999999991118e-01
1.835999999999999854e+00 9.999999999999991118e-01
1.835999999999999854e+00 2.000000000000000444e+00
1.847999999999999865e+00 2.000000000000000444e+00
1.847999999999999865e+00 0.000000000000000000e+00
1.859999999999999654e+00 0.000000000000000000e+00
1.859999999999999654e+00 0.000000000000000000e+00
1.871999999999999442e+00 0.000000000000000000e+00
1.872000000000000330e+00 0.000000000000000000e+00
1.884000000000000341e+00 0.000000000000000000e+00
1.884000000000000341e+00 0.000000000000000000e+00
1.896000000000000130e+00 0.000000000000000000e+00
1.896000000000000130e+00 0.000000000000000000e+00
1.907999999999999918e+00 0.000000000000000000e+00
1.907999999999999918e+00 1.000000000000000444e+00
1.919999999999999929e+00 1.000000000000000444e+00
1.919999999999999929e+00 0.000000000000000000e+00
1.931999999999999718e+00 0.000000000000000000e+00
1.931999999999999718e+00 1.000000000000000000e+00
1.943999999999999506e+00 1.000000000000000000e+00
1.944000000000000394e+00 0.000000000000000000e+00
1.956000000000000183e+00 0.000000000000000000e+00
1.956000000000000183e+00 0.000000000000000000e+00
1.968000000000000194e+00 0.000000000000000000e+00
1.968000000000000194e+00 0.000000000000000000e+00
1.979999999999999982e+00 0.000000000000000000e+00
1.979999999999999982e+00 0.000000000000000000e+00
1.991999999999999771e+00 0.000000000000000000e+00
1.991999999999999771e+00 0.000000000000000000e+00
2.003999999999999559e+00 0.000000000000000000e+00
2.003999999999999559e+00 0.000000000000000000e+00
2.015999999999999570e+00 0.000000000000000000e+00
2.016000000000000458e+00 9.999999999999997780e-01
2.028000000000000469e+00 9.999999999999997780e-01
2.028000000000000469e+00 2.000000000000000888e+00
2.040000000000000036e+00 2.000000000000000888e+00
2.040000000000000036e+00 0.000000000000000000e+00
2.052000000000000046e+00 0.000000000000000000e+00
2.052000000000000046e+00 0.000000000000000000e+00
2.064000000000000057e+00 0.000000000000000000e+00
2.064000000000000057e+00 0.000000000000000000e+00
2.075999999999999623e+00 0.000000000000000000e+00
2.075999999999999623e+00 0.000000000000000000e+00
2.087999999999999634e+00 0.000000000000000000e+00
2.088000000000000522e+00 2.000000000000000000e+00
2.100000000000000089e+00 2.000000000000000000e+00
2.100000000000000089e+00 1.000000000000000444e+00
2.112000000000000099e+00 1.000000000000000444e+00
2.112000000000000099e+00 1.000000000000000000e+00
2.124000000000000110e+00 1.000000000000000000e+00
2.124000000000000110e+00 0.000000000000000000e+00
2.135999999999999677e+00 0.000000000000000000e+00
2.135999999999999677e+00 0.000000000000000000e+00
2.147999999999999687e+00 0.000000000000000000e+00
2.147999999999999687e+00 1.000000000000000000e+00
2.159999999999999698e+00 1.000000000000000000e+00
2.160000000000000586e+00 0.000000000000000000e+00
2.172000000000000153e+00 0.000000000000000000e+00
2.172000000000000153e+00 0.000000000000000000e+00
2.184000000000000163e+00 0.000000000000000000e+00
2.184000000000000163e+00 0.000000000000000000e+00
2.196000000000000174e+00 0.000000000000000000e+00
2.196000000000000174e+00 0.000000000000000000e+00
2.207999999999999741e+00 0.000000000000000000e+00
2.207999999999999741e+00 0.000000000000000000e+00
2.219999999999999751e+00 0.000000000000000000e+00
2.219999999999999751e+00 0.000000000000000000e+00
2.231999999999999762e+00 0.000000000000000000e+00
2.232000000000000650e+00 0.000000000000000000e+00
2.244000000000000217e+00 0.000000000000000000e+00
2.244000000000000217e+00 0.000000000000000000e+00
2.256000000000000227e+00 0.000000000000000000e+00
2.256000000000000227e+00 0.000000000000000000e+00
2.268000000000000238e+00 0.000000000000000000e+00
2.268000000000000238e+00 0.000000000000000000e+00
2.279999999999999805e+00 0.000000000000000000e+00
2.279999999999999805e+00 0.000000000000000000e+00
2.291999999999999815e+00 0.000000000000000000e+00
2.291999999999999815e+00 0.000000000000000000e+00
2.303999999999999826e+00 0.000000000000000000e+00
2.304000000000000270e+00 0.000000000000000000e+00
2.316000000000000281e+00 0.000000000000000000e+00
2.316000000000000281e+00 0.000000000000000000e+00
2.328000000000000291e+00 0.000000000000000000e+00
2.328000000000000291e+00 0.000000000000000000e+00
2.339999999999999858e+00 0.000000000000000000e+00
2.339999999999999858e+00 0.000000000000000000e+00
2.351999999999999869e+00 0.000000000000000000e+00
2.351999999999999869e+00 9.999999999999998890e-01
2.363999999999999879e+00 9.999999999999998890e-01
2.363999999999999879e+00 0.000000000000000000e+00
2.375999999999999446e+00 0.000000000000000000e+00
2.376000000000000334e+00 9.999999999999995559e-01
2.388000000000000345e+00 9.999999999999995559e-01
2.388000000000000345e+00 1.000000000000000444e+00
2.400000000000000355e+00 1.000000000000000444e+00
2.400000000000000355e+00 0.000000000000000000e+00
2.411999999999999922e+00 0.000000000000000000e+00
2.411999999999999922e+00 0.000000000000000000e+00
2.423999999999999932e+00 0.000000000000000000e+00
2.423999999999999932e+00 0.000000000000000000e+00
2.435999999999999943e+00 0.000000000000000000e+00
2.435999999999999943e+00 0.000000000000000000e+00
2.447999999999999510e+00 0.000000000000000000e+00
2.447999999999999510e+00 1.000000000000000666e+00
2.459999999999999520e+00 1.000000000000000666e+00
2.460000000000000409e+00 1.999999999999999556e+00
2.472000000000000419e+00 1.999999999999999556e+00
2.472000000000000419e+00 1.999999999999999556e+00
2.483999999999999986e+00 1.999999999999999556e+00
2.483999999999999986e+00 0.000000000000000000e+00
2.495999999999999996e+00 0.000000000000000000e+00
2.495999999999999996e+00 1.000000000000000222e+00
2.508000000000000007e+00 1.000000000000000222e+00
2.508000000000000007e+00 0.000000000000000000e+00
2.519999999999999574e+00 0.000000000000000000e+00
2.519999999999999574e+00 0.000000000000000000e+00
2.531999999999999584e+00 0.000000000000000000e+00
2.532000000000000473e+00 0.000000000000000000e+00
2.544000000000000039e+00 0.000000000000000000e+00
2.544000000000000039e+00 2.000000000000000000e+00
2.556000000000000050e+00 2.000000000000000000e+00
2.556000000000000050e+00 1.000000000000000666e+00
2.568000000000000060e+00 1.000000000000000666e+00
2.568000000000000060e+00 1.000000000000000444e+00
2.579999999999999627e+00 1.000000000000000444e+00
2.579999999999999627e+00 0.000000000000000000e+00
2.591999999999999638e+00 0.000000000000000000e+00
2.591999999999999638e+00 0.000000000000000000e+00
2.603999999999999648e+00 0.000000000000000000e+00
2.604000000000000536e+00 9.999999999999997780e-01
2.616000000000000103e+00 9.999999999999997780e-01
2.616000000000000103e+00 0.000000000000000000e+00
2.628000000000000114e+00 0.000000000000000000e+00
2.628000000000000114e+00 1.000000000000000222e+00
2.640000000000000124e+00 1.000000000000000222e+00
2.640000000000000124e+00 0.000000000000000000e+00
2.651999999999999691e+00 0.000000000000000000e+00
2.651999999999999691e+00 0.000000000000000000e+00
2.663999999999999702e+00 0.000000000000000000e+00
2.663999999999999702e+00 2.000000000000000888e+00
2.675999999999999712e+00 2.000000000000000888e+00
2.676000000000000600e+00 1.999999999999998224e+00
2.688000000000000167e+00 1.999999999999998224e+00
2.688000000000000167e+00 9.999999999999993339e-01
2.700000000000000178e+00 9.999999999999993339e-01
2.700000000000000178e+00 0.000000000000000000e+00
2.712000000000000188e+00 0.000000000000000000e+00
2.712000000000000188e+00 0.000000000000000000e+00
2.723999999999999755e+00 0.000000000000000000e+00
2.723999999999999755e+00 0.000000000000000000e+00
2.735999999999999766e+00 0.000000000000000000e+00
2.735999999999999766e+00 0.000000000000000000e+00
2.747999999999999776e+00 0.000000000000000000e+00
2.748000000000000220e+00 0.000000000000000000e+00
2.760000000000000231e+00 0.000000000000000000e+00
2.760000000000000231e+00 0.000000000000000000e+00
2.772000000000000242e+00 0.000000000000000000e+00
2.772000000000000242e+00 0.000000000000000000e+00
2.783999999999999808e+00 0.000000000000000000e+00
2.783999999999999808e+00 9.999999999999994449e-01
2.795999999999999819e+00 9.999999999999994449e-01
2.795999999999999819e+00 1.000000000000000000e+00
2.807999999999999829e+00 1.000000000000000000e+00
2.807999999999999829e+00 0.000000000000000000e+00
2.819999999999999396e+00 0.000000000000000000e+00
2.820000000000000284e+00 2.000000000000000444e+00
2.832000000000000295e+00 2.000000000000000444e+00
2.832000000000000295e+00 0.000000000000000000e+00
2.844000000000000306e+00 0.000000000000000000e+00
2.844000000000000306e+00 0.000000000000000000e+00
2.855999999999999872e+00 0.000000000000000000e+00
2.855999999999999872e+00 1.000000000000000000e+00
2.867999999999999883e+00 1.000000000000000000e+00
2.867999999999999883e+00 0.000000000000000000e+00
2.879999999999999893e+00 0.000000000000000000e+00
2.879999999999999893e+00 0.000000000000000000e+00
2.891999999999999460e+00 0.000000000000000000e+00
2.892000000000000348e+00 0.000000000000000000e+00
2.904000000000000359e+00 0.000000000000000000e+00
2.904000000000000359e+00 0.000000000000000000e+00
2.916000000000000369e+00 0.000000000000000000e+00
2.916000000000000369e+00 0.000000000000000000e+00
2.927999999999999936e+00 0.000000000000000000e+00
2.927999999999999936e+00 9.999999999999998890e-01
2.939999999999999947e+00 9.999999999999998890e-01
2.939999999999999947e+00 0.000000000000000000e+00
2.951999999999999957e+00 0.000000000000000000e+00
2.951999999999999957e+00 0.000000000000000000e+00
2.963999999999999524e+00 0.000000000000000000e+00
2.964000000000000412e+00 0.000000000000000000e+00
2.976000000000000423e+00 0.000000000000000000e+00
2.976000000000000423e+00 9.999999999999998890e-01
2.987999999999999989e+00 9.999999999999998890e-01
2.987999999999999989e+00 0.000000000000000000e+00
3.000000000000000000e+00 0.000000000000000000e+00
