-1.000000000000000000e+00 0.000000000000000000e+00
-9.900000000000001021e-01 0.000000000000000000e+00
-9.900000000000001021e-01 1.000000000000000444e+00
-9.800000000000000933e-01 1.000000000000000444e+00
-9.800000000000000933e-01 1.999999999999999112e+00
-9.700000000000000844e-01 1.999999999999999112e+00
-9.699999999999999734e-01 9.999999999999996669e-01
-9.600000000000000755e-01 9.999999999999996669e-01
-9.600000000000000755e-01 9.999999999999998890e-01
-9.500000000000000666e-01 9.999999999999998890e-01
-9.500000000000000666e-01 2.000000000000000000e+00
-9.400000000000000577e-01 2.000000000000000000e+00
-9.400000000000000577e-01 9.999999999999996669e-01
-9.300000000000001599e-01 9.999999999999996669e-01
-9.300000000000001599e-01 1.000000000000000222e+00
-9.200000000000001510e-01 1.000000000000000222e+00
-9.200000000000000400e-01 0.000000000000000000e+00
-9.100000000000000311e-01 0.000000000000000000e+00
-9.100000000000000311e-01 2.000000000000000444e+00
-9.000000000000000222e-01 2.000000000000000444e+00
-9.000000000000000222e-01 2.000000000000000888e+00
-8.900000000000001243e-01 2.000000000000000888e+00
-8.900000000000001243e-01 1.000000000000000222e+00
-8.800000000000001155e-01 1.000000000000000222e+00
-8.800000000000000044e-01 1.999999999999999112e+00
-8.699999999999999956e-01 1.999999999999999112e+00
-8.699999999999999956e-01 3.999999999999999112e+00
-8.599999999999999867e-01 3.999999999999999112e+00
-8.599999999999999867e-01 2.000000000000001776e+00
-8.500000000000000888e-01 2.000000000000001776e+00
-8.500000000000000888e-01 3.999999999999999112e+00
-8.400000000000000799e-01 3.999999999999999112e+00
-8.400000000000000799e-01 3.000000000000001332e+00
-8.300000000000000711e-01 3.000000000000001332e+00
-8.300000000000000711e-01 9.999999999999992228e-01
-8.200000000000001732e-01 9.999999999999992228e-01
-8.200000000000000622e-01 1.000000000000000666e+00
-8.100000000000000533e-01 1.000000000000000666e+00
-8.100000000000000533e-01 1.999999999999999112e+00
-8.000000000000000444e-01 1.999999999999999112e+00
-8.000000000000000444e-01 0.000000000000000000e+00
-7.900000000000001465e-01 0.000000000000000000e+00
-7.900000000000001465e-01 3.999999999999999112e+00
-7.800000000000001377e-01 3.999999999999999112e+00
-7.800000000000000266e-01 1.999999999999999556e+00
-7.700000000000000178e-01 1.999999999999999556e+00
-7.700000000000000178e-01 4.000000000000001776e+00
-7.600000000000000089e-01 4.000000000000001776e+00
-7.600000000000000089e-01 1.000000000000000444e+00
-7.500000000000001110e-01 1.000000000000000444e+00
-7.500000000000001110e-01 1.000000000000001110e+00
-7.400000000000001021e-01 1.000000000000001110e+00
-7.400000000000001021e-01 3.000000000000000888e+00
-7.300000000000000933e-01 3.000000000000000888e+00
-7.300000000000000933e-01 1.000000000000000222e+00
-7.200000000000001954e-01 1.000000000000000222e+00
-7.199999999999999734e-01 1.000000000000000222e+00
-7.100000000000000755e-01 1.000000000000000222e+00
-7.100000000000000755e-01 2.000000000000000444e+00
-7.000000000000000666e-01 2.000000000000000444e+00
-7.000000000000000666e-01 9.999999999999998890e-01
-6.900000000000000577e-01 9.999999999999998890e-01
-6.899999999999999467e-01 1.000000000000000444e+00
-6.800000000000000488e-01 1.000000000000000444e+00
-6.800000000000000488e-01 4.999999999999999112e+00
-6.700000000000000400e-01 4.999999999999999112e+00
-6.700000000000000400e-01 1.999999999999999334e+00
-6.600000000000000311e-01 1.999999999999999334e+00
-6.600000000000000311e-01 3.999999999999999112e+00
-6.500000000000001332e-01 3.999999999999999112e+00
-6.500000000000001332e-01 3.000000000000000444e+00
-6.400000000000001243e-01 3.000000000000000444e+00
-6.400000000000001243e-01 3.000000000000000888e+00
-6.300000000000001155e-01 3.000000000000000888e+00
-6.300000000000001155e-01 2.000000000000000000e+00
-6.200000000000002176e-01 2.000000000000000000e+00
-6.200000000000002176e-01 5.000000000000000888e+00
-6.100000000000002087e-01 5.000000000000000888e+00
-6.100000000000000977e-01 1.000000000000000444e+00
-6.000000000000000888e-01 1.000000000000000444e+00
-6.000000000000000888e-01 2.000000000000000000e+00
-5.900000000000000799e-01 2.000000000000000000e+00
-5.900000000000000799e-01 1.000000000000001332e+00
-5.800000000000000711e-01 1.000000000000001332e+00
-5.800000000000000711e-01 3.000000000000000888e+00
-5.700000000000000622e-01 3.000000000000000888e+00
-5.700000000000000622e-01 3.000000000000000888e+00
-5.600000000000001643e-01 3.000000000000000888e+00
-5.600000000000000533e-01 1.000000000000000666e+00
-5.500000000000000444e-01 1.000000000000000666e+00
-5.500000000000000444e-01 2.000000000000000000e+00
-5.400000000000001465e-01 2.000000000000000000e+00
-5.400000000000000355e-01 9.999999999999996669e-01
-5.300000000000000266e-01 9.999999999999996669e-01
-5.300000000000000266e-01 3.000000000000001332e+00
-5.200000000000001288e-01 3.000000000000001332e+00
-5.200000000000000178e-01 2.000000000000000000e+00
-5.100000000000000089e-01 2.000000000000000000e+00
-5.100000000000000089e-01 1.000000000000000222e+00
-5.000000000000001110e-01 1.000000000000000222e+00
-5.000000000000001110e-01 1.999999999999999556e+00
-4.900000000000001021e-01 1.999999999999999556e+00
-4.900000000000000466e-01 2.999999999999999556e+00
-4.800000000000000933e-01 2.999999999999999556e+00
-4.800000000000000933e-01 1.000000000000000444e+00
-4.700000000000000844e-01 1.000000000000000444e+00
-4.700000000000000289e-01 2.999999999999999112e+00
-4.600000000000000755e-01 2.999999999999999112e+00
-4.600000000000000755e-01 3.000000000000000888e+00
-4.500000000000001221e-01 3.000000000000000888e+00
-4.500000000000001221e-01 9.000000000000001776e+00
-4.400000000000001132e-01 9.000000000000001776e+00
-4.400000000000000577e-01 6.000000000000000000e+00
-4.300000000000001044e-01 6.000000000000000000e+00
-4.300000000000001044e-01 1.200000000000000178e+01
-4.200000000000000955e-01 1.200000000000000178e+01
-4.200000000000000400e-01 4.000000000000000888e+00
-4.100000000000000866e-01 4.000000000000000888e+00
-4.100000000000000866e-01 8.999999999999998224e+00
-4.000000000000000777e-01 8.999999999999998224e+00
-4.000000000000000777e-01 8.999999999999996447e+00
-3.900000000000001243e-01 8.999999999999996447e+00
-3.900000000000000688e-01 5.000000000000000888e+00
-3.800000000000001155e-01 5.000000000000000888e+00
-3.800000000000000044e-01 8.000000000000000000e+00
-3.700000000000000511e-01 8.000000000000000000e+00
-3.700000000000000511e-01 6.000000000000000888e+00
-3.600000000000000977e-01 6.000000000000000888e+00
-3.600000000000000977e-01 5.000000000000000888e+00
-3.500000000000000888e-01 5.000000000000000888e+00
-3.500000000000000888e-01 7.999999999999996447e+00
-3.400000000000001354e-01 7.999999999999996447e+00
-3.400000000000001354e-01 8.000000000000001776e+00
-3.300000000000001821e-01 8.000000000000001776e+00
-3.300000000000000155e-01 9.000000000000000000e+00
-3.200000000000000622e-01 9.000000000000000000e+00
-3.200000000000000622e-01 7.000000000000001776e+00
-3.100000000000001088e-01 7.000000000000001776e+00
-3.100000000000001088e-01 5.000000000000001776e+00
-3.000000000000000999e-01 5.000000000000001776e+00
-3.000000000000000999e-01 1.000000000000000178e+01
-2.900000000000001465e-01 1.000000000000000178e+01
-2.900000000000001465e-01 7.000000000000000000e+00
-2.800000000000001377e-01 7.000000000000000000e+00
-2.800000000000000266e-01 7.000000000000000000e+00
-2.700000000000000733e-01 7.000000000000000000e+00
-2.700000000000000733e-01 1.200000000000000000e+01
-2.600000000000000644e-01 1.200000000000000000e+01
-2.600000000000000644e-01 1.900000000000000355e+01
-2.500000000000001110e-01 1.900000000000000355e+01
-2.500000000000001110e-01 2.400000000000000000e+01
-2.400000000000001299e-01 2.400000000000000000e+01
-2.400000000000001299e-01 3.400000000000000000e+01
-2.300000000000001765e-01 3.400000000000000000e+01
-2.300000000000000377e-01 2.299999999999999645e+01
-2.200000000000000566e-01 2.299999999999999645e+01
-2.200000000000000566e-01 3.300000000000000000e+01
-2.100000000000001033e-01 3.300000000000000000e+01
-2.100000000000001033e-01 5.000000000000000711e+01
-2.000000000000001221e-01 5.000000000000000711e+01
-2.000000000000001221e-01 5.000000000000000000e+01
-1.900000000000001410e-01 5.000000000000000000e+01
-1.900000000000001410e-01 6.000000000000000000e+01
-1.800000000000001876e-01 6.000000000000000000e+01
-1.800000000000000488e-01 5.600000000000000000e+01
-1.700000000000000677e-01 5.600000000000000000e+01
-1.700000000000000677e-01 7.500000000000000000e+01
-1.600000000000000866e-01 7.500000000000000000e+01
-1.600000000000000866e-01 8.300000000000000000e+01
-1.500000000000001332e-01 8.300000000000000000e+01
-1.500000000000001332e-01 9.500000000000000000e+01
-1.400000000000001521e-01 9.500000000000000000e+01
-1.400000000000001521e-01 1.000000000000000000e+02
-1.300000000000001710e-01 1.000000000000000000e+02
-1.300000000000000322e-01 1.220000000000000000e+02
-1.200000000000000649e-01 1.220000000000000000e+02
-1.200000000000000649e-01 1.550000000000000000e+02
-1.100000000000000977e-01 1.550000000000000000e+02
-1.100000000000000977e-01 1.330000000000000000e+02
-1.000000000000001305e-01 1.330000000000000000e+02
-1.000000000000001305e-01 1.630000000000000000e+02
-9.000000000000014932e-02 1.630000000000000000e+02
-9.000000000000014932e-02 1.700000000000000000e+02
-8.000000000000018208e-02 1.700000000000000000e+02
-8.000000000000004330e-02 1.890000000000000000e+02
-7.000000000000007605e-02 1.890000000000000000e+02
-7.000000000000007605e-02 1.800000000000000000e+02
-6.000000000000010186e-02 1.800000000000000000e+02
-6.000000000000010186e-02 2.050000000000000000e+02
-5.000000000000012768e-02 2.050000000000000000e+02
-5.000000000000012768e-02 2.110000000000000000e+02
-4.000000000000016043e-02 2.110000000000000000e+02
-4.000000000000002165e-02 2.080000000000000000e+02
-3.000000000000005093e-02 2.080000000000000000e+02
-3.000000000000005093e-02 2.100000000000000000e+02
-2.000000000000008021e-02 2.100000000000000000e+02
-2.000000000000008021e-02 2.110000000000000000e+02
-1.000000000000010776e-02 2.110000000000000000e+02
-1.000000000000010776e-02 2.070000000000000000e+02
-1.355252715606880543e-16 2.070000000000000000e+02
-1.355252715606880543e-16 2.330000000000000000e+02
9.999999999999837144e-03 2.330000000000000000e+02
9.999999999999972453e-03 1.870000000000000000e+02
1.999999999999994491e-02 1.870000000000000000e+02
1.999999999999994491e-02 2.130000000000000000e+02
2.999999999999991562e-02 2.130000000000000000e+02
2.999999999999991562e-02 2.070000000000000000e+02
3.999999999999988981e-02 2.070000000000000000e+02
3.999999999999988981e-02 2.150000000000000000e+02
4.999999999999985706e-02 2.150000000000000000e+02
4.999999999999985706e-02 1.900000000000000000e+02
5.999999999999983125e-02 1.900000000000000000e+02
5.999999999999997002e-02 1.800000000000000000e+02
6.999999999999993727e-02 1.800000000000000000e+02
6.999999999999993727e-02 1.820000000000000000e+02
7.999999999999991840e-02 1.820000000000000000e+02
7.999999999999991840e-02 1.580000000000000000e+02
8.999999999999988565e-02 1.580000000000000000e+02
8.999999999999988565e-02 1.420000000000000000e+02
9.999999999999985290e-02 1.420000000000000000e+02
9.999999999999985290e-02 1.510000000000000000e+02
1.099999999999998340e-01 1.510000000000000000e+02
1.099999999999999589e-01 1.390000000000000000e+02
1.199999999999999400e-01 1.390000000000000000e+02
1.199999999999999400e-01 1.240000000000000000e+02
1.299999999999998934e-01 1.240000000000000000e+02
1.299999999999998934e-01 9.400000000000000000e+01
1.399999999999998745e-01 9.400000000000000000e+01
1.399999999999998745e-01 7.700000000000000000e+01
1.499999999999998557e-01 7.700000000000000000e+01
1.499999999999998557e-01 7.900000000000000000e+01
1.599999999999998368e-01 7.900000000000000000e+01
1.599999999999999478e-01 5.400000000000000000e+01
1.699999999999999289e-01 5.400000000000000000e+01
1.699999999999999289e-01 6.800000000000000000e+01
1.799999999999999101e-01 6.800000000000000000e+01
1.799999999999999101e-01 6.400000000000000000e+01
1.899999999999998634e-01 6.400000000000000000e+01
1.899999999999998634e-01 4.000000000000000000e+01
1.999999999999998446e-01 4.000000000000000000e+01
1.999999999999998446e-01 3.900000000000000000e+01
2.099999999999998257e-01 3.900000000000000000e+01
2.099999999999999645e-01 3.200000000000000711e+01
2.199999999999999178e-01 3.200000000000000711e+01
2.199999999999999178e-01 2.300000000000000355e+01
2.299999999999998990e-01 2.300000000000000355e+01
2.299999999999997602e-01 2.300000000000000355e+01
2.399999999999997413e-01 2.300000000000000355e+01
2.400000000000000189e-01 2.500000000000000711e+01
2.499999999999999722e-01 2.500000000000000711e+01
2.499999999999999722e-01 1.000000000000000000e+01
2.599999999999999534e-01 1.000000000000000000e+01
2.599999999999999534e-01 1.100000000000000178e+01
2.699999999999999067e-01 1.100000000000000178e+01
2.699999999999999067e-01 1.300000000000000000e+01
2.799999999999999156e-01 1.300000000000000000e+01
2.799999999999999156e-01 1.099999999999999822e+01
2.899999999999998690e-01 1.099999999999999822e+01
2.899999999999998690e-01 1.100000000000000355e+01
2.999999999999998224e-01 1.100000000000000355e+01
2.999999999999998224e-01 6.000000000000000000e+00
3.099999999999998312e-01 6.000000000000000000e+00
3.099999999999998312e-01 1.300000000000000178e+01
3.199999999999997846e-01 1.300000000000000178e+01
3.199999999999997846e-01 9.000000000000003553e+00
3.299999999999997380e-01 9.000000000000003553e+00
3.300000000000000155e-01 5.000000000000000000e+00
3.400000000000000244e-01 5.000000000000000000e+00
3.400000000000000244e-01 1.000000000000000000e+01
3.499999999999999778e-01 1.000000000000000000e+01
3.499999999999999778e-01 3.999999999999999112e+00
3.599999999999999312e-01 3.999999999999999112e+00
3.599999999999999312e-01 4.999999999999998224e+00
3.699999999999999400e-01 4.999999999999998224e+00
3.699999999999999400e-01 3.999999999999999556e+00
3.799999999999998934e-01 3.999999999999999556e+00
3.799999999999998934e-01 2.000000000000000000e+00
3.899999999999998468e-01 2.000000000000000000e+00
3.899999999999998468e-01 7.000000000000001776e+00
3.999999999999998557e-01 7.000000000000001776e+00
3.999999999999998557e-01 4.000000000000000888e+00
4.099999999999998090e-01 4.000000000000000888e+00
4.099999999999998090e-01 1.000000000000000000e+01
4.199999999999997624e-01 1.000000000000000000e+01
4.199999999999997624e-01 1.000000000000000178e+01
4.299999999999997713e-01 1.000000000000000178e+01
4.299999999999999933e-01 2.999999999999999556e+00
4.400000000000000022e-01 2.999999999999999556e+00
4.400000000000000022e-01 7.000000000000001776e+00
4.499999999999999556e-01 7.000000000000001776e+00
4.499999999999999556e-01 9.999999999999997780e-01
4.599999999999999090e-01 9.999999999999997780e-01
4.599999999999999090e-01 6.000000000000000000e+00
4.699999999999999178e-01 6.000000000000000000e+00
4.699999999999999178e-01 1.999999999999998668e+00
4.799999999999998712e-01 1.999999999999998668e+00
4.799999999999998712e-01 3.999999999999999556e+00
4.899999999999998246e-01 3.999999999999999556e+00
4.899999999999998246e-01 3.000000000000001776e+00
4.999999999999998335e-01 3.000000000000001776e+00
4.999999999999998335e-01 2.000000000000000000e+00
5.099999999999997868e-01 2.000000000000000000e+00
5.099999999999997868e-01 4.000000000000001776e+00
5.199999999999997957e-01 4.000000000000001776e+00
5.199999999999997957e-01 1.999999999999999556e+00
5.299999999999996936e-01 1.999999999999999556e+00
5.300000000000000266e-01 1.999999999999998890e+00
5.399999999999999245e-01 1.999999999999998890e+00
5.399999999999999245e-01 2.000000000000000888e+00
5.499999999999999334e-01 2.000000000000000888e+00
5.499999999999999334e-01 2.000000000000000000e+00
5.599999999999999423e-01 2.000000000000000000e+00
5.599999999999999423e-01 4.000000000000000000e+00
5.699999999999999512e-01 4.000000000000000000e+00
5.699999999999999512e-01 5.000000000000000000e+00
5.799999999999998490e-01 5.000000000000000000e+00
5.799999999999998490e-01 4.000000000000000888e+00
5.899999999999998579e-01 4.000000000000000888e+00
5.899999999999998579e-01 3.000000000000000000e+00
5.999999999999998668e-01 3.000000000000000000e+00
5.999999999999998668e-01 3.000000000000002220e+00
6.099999999999997646e-01 3.000000000000002220e+00
6.099999999999997646e-01 4.000000000000000888e+00
6.199999999999997735e-01 4.000000000000000888e+00
6.199999999999997735e-01 0.000000000000000000e+00
6.299999999999997824e-01 0.000000000000000000e+00
6.300000000000000044e-01 4.000000000000000000e+00
6.400000000000000133e-01 4.000000000000000000e+00
6.400000000000000133e-01 1.000000000000000444e+00
6.499999999999999112e-01 1.000000000000000444e+00
6.499999999999999112e-01 9.999999999999995559e-01
6.599999999999999201e-01 9.999999999999995559e-01
6.599999999999999201e-01 2.000000000000000444e+00
6.699999999999999289e-01 2.000000000000000444e+00
6.699999999999999289e-01 3.000000000000001332e+00
6.799999999999998268e-01 3.000000000000001332e+00
6.799999999999998268e-01 1.000000000000001110e+00
6.899999999999998357e-01 1.000000000000001110e+00
6.899999999999998357e-01 2.999999999999999556e+00
6.999999999999998446e-01 2.999999999999999556e+00
6.999999999999998446e-01 0.000000000000000000e+00
7.099999999999997424e-01 0.000000000000000000e+00
7.099999999999997424e-01 9.999999999999995559e-01
7.199999999999997513e-01 9.999999999999995559e-01
7.199999999999997513e-01 3.000000000000000000e+00
7.299999999999997602e-01 3.000000000000000000e+00
7.299999999999999822e-01 1.000000000000000000e+00
7.399999999999999911e-01 1.000000000000000000e+00
7.399999999999999911e-01 1.000000000000000666e+00
7.499999999999998890e-01 1.000000000000000666e+00
7.499999999999998890e-01 3.999999999999998224e+00
7.599999999999998979e-01 3.999999999999998224e+00
7.599999999999998979e-01 2.999999999999999556e+00
7.699999999999999067e-01 2.999999999999999556e+00
7.699999999999999067e-01 0.000000000000000000e+00
7.799999999999998046e-01 0.000000000000000000e+00
7.799999999999998046e-01 2.000000000000000444e+00
7.899999999999998135e-01 2.000000000000000444e+00
7.899999999999998135e-01 1.000000000000001776e+00
7.999999999999998224e-01 1.000000000000001776e+00
7.999999999999998224e-01 1.000000000000001110e+00
8.099999999999997202e-01 1.000000000000001110e+00
8.099999999999997202e-01 1.999999999999999556e+00
8.199999999999997291e-01 1.999999999999999556e+00
8.199999999999997291e-01 0.000000000000000000e+00
8.299999999999997380e-01 0.000000000000000000e+00
8.299999999999999600e-01 1.000000000000000444e+00
8.399999999999999689e-01 1.000000000000000444e+00
8.399999999999999689e-01 1.999999999999999778e+00
8.499999999999999778e-01 1.999999999999999778e+00
8.499999999999999778e-01 9.999999999999997780e-01
8.599999999999998757e-01 9.999999999999997780e-01
8.599999999999998757e-01 4.000000000000001776e+00
8.699999999999998845e-01 4.000000000000001776e+00
8.699999999999998845e-01 2.000000000000000444e+00
8.799999999999998934e-01 2.000000000000000444e+00
8.799999999999998934e-01 1.000000000000000444e+00
8.899999999999997913e-01 1.000000000000000444e+00
8.899999999999997913e-01 3.000000000000000444e+00
8.999999999999998002e-01 3.000000000000000444e+00
8.999999999999998002e-01 3.000000000000000000e+00
9.099999999999998090e-01 3.000000000000000000e+00
9.099999999999998090e-01 1.000000000000000444e+00
9.199999999999997069e-01 1.000000000000000444e+00
9.200000000000000400e-01 0.000000000000000000e+00
9.299999999999999378e-01 0.000000000000000000e+00
9.299999999999999378e-01 1.000000000000000222e+00
9.399999999999999467e-01 1.000000000000000222e+00
9.399999999999999467e-01 9.999999999999998890e-01
9.499999999999999556e-01 9.999999999999998890e-01
9.499999999999999556e-01 0.000000000000000000e+00
9.599999999999998535e-01 0.000000000000000000e+00
9.599999999999998535e-01 0.000000000000000000e+00
9.699999999999998623e-01 0.000000000000000000e+00
9.699999999999998623e-01 0.000000000000000000e+00
9.799999999999998712e-01 0.000000000000000000e+00
9.799999999999998712e-01 3.000000000000000444e+00
9.899999999999997691e-01 3.000000000000000444e+00
9.899999999999997691e-01 9.999999999999994449e-01
9.999999999999997780e-01 9.999999999999994449e-01
