           1
   0.0000000000000000        0.0000000000000000        0.0000000000000000
   0.0000000000000000        2950.0000000000000        0.0000000000000000
 -0.20944413371199919        2999.9995613296242        1.2824754397529503E-017
   6.1232339957367660E-017   0.0000000000000000        1.0000000000000000
  -2.0944459309819477E-003  0.99999780664571569        1.2824782526821202E-019
 -0.99999780664571569       -2.0944459309818865E-003   6.1232205653152482E-017
  -4.1888826742399838E-003  0.99999122659248441        2.5649508795059004E-019
 -0.99999122659248441       -4.1888826742399222E-003   6.1231802741096077E-017
           2
  -4.6076992779595525        4999.9732413302972        8.1682863015319676     
  -4.6076974404369375        5049.9728026676185        8.3777285977052305     
  -4.6077323539792445        5999.9728026676175        8.3776936847755383     
 -0.99999999984605537       -3.6750452308739645E-008   1.7546738059159976E-005
  -3.2242957502436066E-013  0.99999780672268745        2.0944091802878179E-003
  -1.7546776544782176E-005   2.0944091799653887E-003 -0.99999780656874315     
  -3.6751097164936324E-008  0.99999999999999867       -3.6750452308068047E-008
  -1.7546738057809355E-005  -3.6751097163764685E-008 -0.99999999984605537     
